1 88
2 86
3 82
4 75
5 71
6 61
7 56
1 88
2 86
3 82
4 75
5 71
6 61
7 56
1 88
2 86
3 82
4 75
5 71
6 61
7 56
1 86
2 81
3 80
4 73
5 71
6 68
7 63
8 61
1 88
2 86
3 82
4 75
5 71
6 61
7 56
1 86
2 81
3 80
4 73
5 71
6 68
7 63
8 61
1 101
2 96
3 66
4 61
5 56
1 77
2 64
3 54
4 49
1 97
2 96
3 64
4 59
1 88
2 86
3 82
4 75
5 71
6 61
7 56
1 86
2 81
3 80
4 73
5 71
6 68
7 63
8 61
1 101
2 96
3 66
4 61
5 56
1 77
2 64
3 54
4 49
1 97
2 96
3 64
4 59
1 97
2 96
3 64
4 59
1 88
2 86
3 82
4 75
5 71
6 61
7 56
1 86
2 81
3 80
4 73
5 71
6 68
7 63
8 61
1 88
2 86
3 82
4 75
5 71
6 61
7 56
1 86
2 81
3 80
4 73
5 71
6 68
7 63
8 61
1 101
2 96
3 66
4 61
5 56
1 77
2 64
3 54
4 49
1 97
2 96
3 64
4 59
1 99
2 96
3 64
4 59
1 85
2 84
3 59
4 54
1 87
2 83
3 82
4 77
5 72
6 62
7 59
1 74
2 67
3 62
4 54
1 112
2 98
3 90
4 85
5 79
6 61
1 94
2 92
3 90
4 85
5 83
6 63
1 82
2 80
3 77
4 72
5 67
6 65
1 143
2 96
3 89
4 87
5 79
6 67
1 99
2 97
3 80
4 78
5 76
6 68
7 63
8 61
1 84
2 71
3 69
4 66
5 59
6 54
1 83
2 71
3 64
4 59
5 54
1 75
2 62
3 52
4 47
1 95
2 94
3 62
4 57
1 97
2 94
3 62
4 57
1 83
2 57
3 52
1 85
2 81
3 65
4 60
5 57
1 72
2 65
3 60
4 52
1 110
2 96
3 86
4 81
5 72
6 67
7 62
8 59
1 92
2 90
3 88
4 83
5 81
6 61
1 80
2 78
3 75
4 70
5 65
6 63
1 141
2 94
3 92
4 87
5 77
6 73
7 72
8 65
1 92
2 90
3 71
4 69
5 66
6 61
7 56
1 77
2 72
3 69
4 67
5 64
6 59
7 54
1 78
2 75
3 62
4 57
5 52
1 55
2 51
3 45
4 40
1 75
2 55
3 50
1 77
2 55
3 50
1 78
2 75
3 50
4 45
1 78
2 74
3 63
4 58
5 53
6 50
1 65
2 63
3 58
4 53
5 45
1 103
2 89
3 79
4 74
5 65
6 52
1 85
2 83
3 81
4 79
5 74
6 54
1 73
2 71
3 68
4 63
5 58
6 56
1 121
2 103
3 96
4 77
5 65
6 58
1 97
2 95
3 71
4 64
5 59
6 54
1 82
2 69
3 62
4 57
5 52
1 80
2 77
3 62
4 55
5 50
6 45
1 71
2 60
3 50
4 45
1 76
2 65
3 55
4 50
1 76
2 65
3 55
4 50
1 71
2 68
3 50
4 45
1 83
2 79
3 63
4 58
5 50
1 70
2 63
3 58
4 45
1 84
2 74
3 69
4 65
5 52
1 90
2 86
3 81
4 74
5 54
1 78
2 73
3 68
4 63
5 56
1 137
2 136
3 101
4 90
5 85
6 58
1 106
2 99
3 76
4 74
5 71
6 64
7 61
8 59
1 91
2 90
3 74
4 72
5 69
6 64
7 62
8 59
9 57
1 77
2 67
3 64
4 62
5 55
6 50
1 69
2 60
3 50
4 45
1 77
2 73
3 55
4 50
1 91
2 89
3 60
4 55
1 77
2 75
3 55
4 50
1 83
2 79
3 68
4 63
5 58
6 55
1 79
2 76
3 68
4 63
5 58
6 50
1 108
2 94
3 84
4 79
5 74
6 65
7 60
8 57
1 89
2 88
3 86
4 81
5 79
6 59
1 77
2 76
3 73
4 68
5 63
6 61
1 135
2 92
3 90
4 82
5 75
6 71
7 70
8 63
1 104
2 99
3 76
4 74
5 71
6 64
7 61
8 59
1 89
2 88
3 74
4 72
5 69
6 62
7 59
8 57
1 75
2 67
3 62
4 57
5 55
6 50
1 67
2 60
3 57
4 50
5 45
1 87
2 60
3 55
1 75
2 73
3 62
4 55
5 50
1 75
2 68
3 63
4 55
5 50
1 83
2 79
3 75
4 62
5 58
6 55
1 77
2 76
3 75
4 62
5 58
6 50
1 108
2 94
3 75
4 70
5 65
6 60
7 57
1 87
2 86
3 81
4 79
5 59
1 75
2 73
3 68
4 63
5 61
1 133
2 97
3 89
4 82
5 77
6 71
7 70
8 63
1 92
2 91
3 71
4 64
5 59
6 54
1 77
2 69
3 62
4 57
5 52
1 63
2 55
3 50
4 45
1 55
2 52
3 45
4 40
1 75
2 74
3 55
4 50
1 77
2 62
3 55
4 50
1 63
2 50
3 45
1 70
2 50
1 65
2 58
3 50
4 45
1 92
2 89
3 65
4 57
5 52
1 75
2 74
3 69
4 64
5 54
1 63
2 61
3 58
4 56
1 121
2 103
3 101
4 86
5 77
6 63
7 61
8 58
1 97
2 84
3 71
4 64
5 59
6 54
1 82
2 78
3 69
4 62
5 57
6 52
1 68
2 64
3 55
4 50
5 45
1 60
2 56
3 45
4 40
1 73
2 69
3 55
4 50
1 73
2 69
3 55
4 50
1 68
2 64
3 50
4 45
1 68
2 64
3 60
4 58
5 53
6 50
1 70
2 68
3 50
4 45
1 97
2 92
3 78
4 76
5 74
6 61
7 59
8 52
1 80
2 76
3 72
4 67
5 62
6 54
1 72
2 67
3 62
4 57
5 56
6 54
1 126
2 90
3 74
4 69
5 64
6 58
1 81
2 76
3 71
4 64
5 59
6 54
1 69
2 66
3 62
4 57
5 52
1 55
2 50
3 45
1 47
2 45
3 40
1 60
2 57
3 55
4 50
1 60
2 55
3 50
1 55
2 50
3 45
1 65
2 60
3 58
4 53
5 50
1 65
2 60
3 58
4 55
5 45
1 95
2 85
3 78
4 76
5 74
6 61
7 52
1 78
2 76
3 72
4 69
5 67
6 52
1 65
2 62
3 60
4 59
5 47
1 113
2 112
3 74
4 69
5 67
6 54
1 99
2 95
3 78
4 71
5 66
6 61
7 59
1 83
2 80
3 76
4 69
5 64
6 59
7 57
1 69
2 66
3 62
4 57
5 52
6 50
1 61
2 52
3 47
4 45
1 74
2 71
3 62
4 57
5 55
1 74
2 71
3 62
4 57
5 55
1 69
2 66
3 57
4 52
5 50
1 79
2 77
3 75
4 65
5 60
6 55
1 76
2 69
3 65
4 62
5 60
6 50
1 122
2 85
3 57
4 52
1 88
2 83
3 75
4 70
5 65
6 57
1 76
2 69
3 65
4 60
5 55
6 52
1 127
2 116
3 72
4 67
5 62
6 59
1 93
2 88
3 85
4 78
5 73
6 66
7 61
8 59
1 81
2 78
3 74
4 71
5 67
6 64
7 59
8 57
1 67
2 64
3 60
4 59
5 54
6 52
7 50
1 59
2 54
3 50
4 47
5 45
1 72
2 69
3 64
4 60
5 57
6 55
1 72
2 69
3 64
4 60
5 57
6 55
1 67
2 64
3 59
4 55
5 54
6 52
7 50
1 77
2 76
3 72
4 67
5 58
6 57
7 55
1 77
2 67
3 63
4 58
5 57
6 54
7 52
8 50
1 107
2 97
3 70
4 65
5 62
6 57
1 77
2 67
3 62
4 59
5 57
6 52
1 70
2 67
3 62
4 59
5 52
1 125
2 124
3 79
4 74
5 69
6 59
1 73
2 70
3 62
4 55
5 50
6 45
1 58
2 55
3 53
4 48
5 43
1 44
2 41
3 36
1 36
2 31
1 49
2 46
3 41
1 49
2 46
3 41
1 44
2 41
3 36
1 54
2 44
3 41
1 54
2 49
3 44
4 41
5 36
1 84
2 74
3 58
4 55
5 53
6 43
1 70
2 65
3 60
4 55
5 53
6 45
1 72
2 67
3 62
4 57
5 55
6 47
1 102
2 75
3 69
4 64
5 59
6 57
7 49
1 101
2 97
3 82
4 78
5 76
6 66
7 61
1 81
2 78
3 76
4 74
5 69
6 64
7 59
1 67
2 66
3 62
4 57
5 52
1 59
2 57
3 52
4 47
1 72
2 71
3 67
4 62
5 57
1 72
2 71
3 67
4 62
5 57
1 67
2 66
3 62
4 57
5 52
1 87
2 85
3 79
4 74
5 65
6 62
7 59
8 57
1 74
2 72
3 70
4 69
5 65
6 57
7 52
1 102
2 101
3 82
4 77
5 72
6 59
1 86
2 84
3 79
4 74
5 71
6 59
1 74
2 72
3 69
4 64
5 61
6 54
1 133
2 83
3 74
4 69
5 67
6 54
1 99
2 97
3 80
4 78
5 76
6 68
7 63
8 61
1 92
2 90
3 71
4 69
5 66
6 61
7 56
1 97
2 95
3 71
4 64
5 59
6 54
1 106
2 99
3 76
4 74
5 71
6 64
7 61
8 59
1 104
2 99
3 76
4 74
5 71
6 64
7 61
8 59
1 92
2 91
3 71
4 64
5 59
6 54
1 97
2 84
3 71
4 64
5 59
6 54
1 81
2 76
3 71
4 64
5 59
6 54
1 99
2 95
3 78
4 71
5 66
6 61
7 59
1 93
2 88
3 85
4 78
5 73
6 66
7 61
8 59
1 73
2 70
3 62
4 55
5 50
6 45
1 101
2 97
3 82
4 78
5 76
6 66
7 61
1 86
2 81
3 80
4 73
5 71
6 68
7 63
8 61
1 84
2 71
3 69
4 66
5 59
6 54
1 77
2 72
3 69
4 67
5 64
6 59
7 54
1 82
2 69
3 62
4 57
5 52
1 91
2 90
3 74
4 72
5 69
6 64
7 62
8 59
9 57
1 89
2 88
3 74
4 72
5 69
6 62
7 59
8 57
1 77
2 69
3 62
4 57
5 52
1 82
2 78
3 69
4 62
5 57
6 52
1 69
2 66
3 62
4 57
5 52
1 83
2 80
3 76
4 69
5 64
6 59
7 57
1 81
2 78
3 74
4 71
5 67
6 64
7 59
8 57
1 58
2 55
3 53
4 48
5 43
1 81
2 78
3 76
4 74
5 69
6 64
7 59
1 101
2 96
3 66
4 61
5 56
1 83
2 71
3 64
4 59
5 54
1 78
2 75
3 62
4 57
5 52
1 80
2 77
3 62
4 55
5 50
6 45
1 77
2 67
3 64
4 62
5 55
6 50
1 75
2 67
3 62
4 57
5 55
6 50
1 63
2 55
3 50
4 45
1 68
2 64
3 55
4 50
5 45
1 55
2 50
3 45
1 69
2 66
3 62
4 57
5 52
6 50
1 67
2 64
3 60
4 59
5 54
6 52
7 50
1 44
2 41
3 36
1 67
2 66
3 62
4 57
5 52
1 77
2 64
3 54
4 49
1 75
2 62
3 52
4 47
1 55
2 51
3 45
4 40
1 71
2 60
3 50
4 45
1 69
2 60
3 50
4 45
1 67
2 60
3 57
4 50
5 45
1 55
2 52
3 45
4 40
1 60
2 56
3 45
4 40
1 47
2 45
3 40
1 61
2 52
3 47
4 45
1 59
2 54
3 50
4 47
5 45
1 36
2 31
1 59
2 57
3 52
4 47
1 97
2 96
3 64
4 59
1 95
2 94
3 62
4 57
1 88
2 86
3 82
4 75
5 71
6 61
7 56
1 99
2 97
3 80
4 78
5 76
6 68
7 63
8 61
