sampleRate	unanimous total	unanimous%	unanimousAvgLoss	defaultApproxTotal	defaultApprox%	defaultApproxAvgLoss	landslideTotal	landslide%	landslideApproxAvgLoss	ambiguousTotal	ambiguous%	ambiguousAvgLoss	noVotesTotal	noVotes%	noVotesAvgLoss
1.0E-4	708	0.1751412429378531	0.012894252510195884	7391	0.0	0.09005636199372512	0	NaN	NaN	0	NaN	NaN	1	1.0	0.0	0	NaN	NaN
2.0E-4	1135	0.307488986784141	0.009183032828118167	6963	0.0	0.073950278851793	0	NaN	NaN	0	NaN	NaN	2	1.0	0.0	0	NaN	NaN
3.0E-4	1842	0.250814332247557	0.011499960411820945	6255	0.0	0.06951943063194412	0	NaN	NaN	0	NaN	NaN	3	1.0	0.0	0	NaN	NaN
4.0E-4	2316	0.22279792746113988	0.011628184208233082	5780	0.0	0.06179933248617758	0	NaN	NaN	0	NaN	NaN	4	1.0	0.0	0	NaN	NaN
5.0E-4	2792	0.23746418338108882	0.012016665762281055	5187	0.0	0.05108501191322448	116	0.0	0.01826240564456376	0	NaN	NaN	4	1.0	0.0	1	1.0	0.0
6.0E-4	2830	0.19187279151943462	0.01211708358042181	5265	0.0	0.05685391834119148	0	NaN	NaN	0	NaN	NaN	4	1.0	0.0	1	1.0	0.0
7.0E-4	3196	0.20212765957446807	0.012292989968126826	4812	0.0	0.0430155397492565	86	0.0	0.01867322108472633	0	NaN	NaN	5	1.0	0.0	1	1.0	0.0
8.0E-4	3598	0.2570872707059477	0.011392884808364935	4326	0.014331946370781322	0.04016408026323321	169	0.4378698224852071	0.005759760059499964	0	NaN	NaN	6	1.0	0.0	1	1.0	0.0
9.0E-4	3537	0.23353124116482896	0.010800404046225683	4171	0.0	0.04004053470520355	384	0.23697916666666666	0.009888121924393697	0	NaN	NaN	7	1.0	0.0	1	1.0	0.0
0.0010	3759	0.23277467411545624	0.012154099537449623	3711	2.6946914578280785E-4	0.035787584944904964	621	0.3252818035426731	0.007738934952739508	0	NaN	NaN	8	1.0	0.0	1	1.0	0.0
0.0020	4472	0.30143112701252234	0.009935263485466491	1005	0.012935323383084577	0.03048387994827229	2606	0.2540291634689179	0.009835024485208252	0	NaN	NaN	14	1.0	0.0	3	1.0	0.0
0.0030	2824	0.3530453257790368	0.00804994687881765	64	0.015625	0.029276484994071265	5187	0.2716406400616927	0.00862917329514864	0	NaN	NaN	20	1.0	0.0	5	1.0	0.0
0.0040	1421	0.48627726952850103	0.004758377105700239	0	NaN	NaN	6646	0.33569064098705986	0.00749726723959202	0	NaN	NaN	27	1.0	0.0	6	1.0	0.0
0.0050	2277	0.3662714097496706	0.007007272071603927	0	NaN	NaN	5794	0.2707973765964791	0.008856114499320646	0	NaN	NaN	21	1.0	0.0	8	1.0	0.0
0.0060	1900	0.3831578947368421	0.00664318677708798	0	NaN	NaN	6169	0.2745988004538823	0.009005523433000161	0	NaN	NaN	22	1.0	0.0	9	1.0	0.0
0.0070	1401	0.5446109921484654	0.005541172099336635	0	NaN	NaN	6665	0.3387846961740435	0.007641134613453353	0	NaN	NaN	23	1.0	0.0	11	1.0	0.0
0.0080	1221	0.5315315315315315	0.0045687757660699884	0	NaN	NaN	6845	0.33075237399561724	0.007728547392056026	0	NaN	NaN	21	1.0	0.0	13	1.0	0.0
0.0090	1952	0.41649590163934425	0.0060980612871186	0	NaN	NaN	6118	0.2976462896371363	0.008883887317124554	0	NaN	NaN	16	1.0	0.0	14	1.0	0.0
0.01	1909	0.44473546359350447	0.005386396225386467	0	NaN	NaN	6158	0.3411822020136408	0.0076369257798782645	0	NaN	NaN	17	1.0	0.0	16	1.0	0.0
1.0E-4	708	0.1751412429378531	0.012894252510195884	7391	0.0	0.09005636199372512	0	NaN	NaN	0	NaN	NaN	1	1.0	0.0	0	NaN	NaN
2.0E-4	1135	0.307488986784141	0.009183032828118167	6963	0.0	0.073950278851793	0	NaN	NaN	0	NaN	NaN	2	1.0	0.0	0	NaN	NaN
3.0E-4	1842	0.250814332247557	0.011499960411820945	6255	0.0	0.06951943063194412	0	NaN	NaN	0	NaN	NaN	3	1.0	0.0	0	NaN	NaN
4.0E-4	2316	0.22279792746113988	0.011628184208233082	5780	0.0	0.06179933248617758	0	NaN	NaN	0	NaN	NaN	4	1.0	0.0	0	NaN	NaN
5.0E-4	2616	0.17851681957186544	0.014366180228733812	5275	0.0	0.06473206127956498	204	0.27941176470588236	0.009109089369597392	0	NaN	NaN	4	1.0	0.0	1	1.0	0.0
6.0E-4	2801	0.21992145662263476	0.01224880110578922	5294	0.0	0.054355093263199775	0	NaN	NaN	0	NaN	NaN	4	1.0	0.0	1	1.0	0.0
7.0E-4	3145	0.2302066772655008	0.011127275057728295	4949	0.0	0.04498424120642131	0	NaN	NaN	0	NaN	NaN	5	1.0	0.0	1	1.0	0.0
8.0E-4	3624	0.2097130242825607	0.012843707307207465	4313	2.3185717597959656E-4	0.043275888600315296	156	0.47435897435897434	0.004684046677791064	0	NaN	NaN	6	1.0	0.0	1	1.0	0.0
9.0E-4	3726	0.24208266237251744	0.009945739870757251	4188	0.0016714422158548234	0.03688726992772729	178	0.4157303370786517	0.005210102240062567	0	NaN	NaN	7	1.0	0.0	1	1.0	0.0
0.0010	4033	0.2045623605256633	0.01314381274160957	3574	2.797985450475658E-4	0.040942433494518204	484	0.32644628099173556	0.0091204976988435	0	NaN	NaN	8	1.0	0.0	1	1.0	0.0
0.0020	4271	0.2662140014048232	0.011918280876923886	1255	0.0	0.034462787919657546	2557	0.3007430582714118	0.008460009803901596	0	NaN	NaN	14	1.0	0.0	3	1.0	0.0
0.0030	2883	0.387443635102324	0.0065074462519864335	52	0.0	0.031468283473437726	5140	0.26284046692607005	0.009017912275735522	0	NaN	NaN	20	1.0	0.0	5	1.0	0.0
0.0040	2035	0.5110565110565111	0.003539327779402154	0	NaN	NaN	6034	0.3279748094133245	0.007623797372262631	0	NaN	NaN	25	1.0	0.0	6	1.0	0.0
0.0050	2145	0.4037296037296037	0.004994140722014246	0	NaN	NaN	5927	0.34941791800236205	0.00797809145362684	0	NaN	NaN	20	1.0	0.0	8	1.0	0.0
0.0060	1696	0.44752358490566035	0.00540863064328554	0	NaN	NaN	6372	0.2815442561205273	0.009438751326443376	0	NaN	NaN	23	1.0	0.0	9	1.0	0.0
0.0070	1590	0.4188679245283019	0.005330299088115915	0	NaN	NaN	6477	0.3219082908754053	0.007890819193513279	0	NaN	NaN	22	1.0	0.0	11	1.0	0.0
0.0080	1371	0.41721371261852663	0.0061937174895601915	0	NaN	NaN	6694	0.31924111144308337	0.007372431374480527	0	NaN	NaN	22	1.0	0.0	13	1.0	0.0
0.0090	1425	0.56	0.003956705369038848	0	NaN	NaN	6643	0.3498419388830348	0.00697257361827495	0	NaN	NaN	18	1.0	0.0	14	1.0	0.0
0.01	1498	0.5246995994659546	0.0037574266340165657	0	NaN	NaN	6569	0.3787486679859948	0.006519299818977641	0	NaN	NaN	17	1.0	0.0	16	1.0	0.0
1.0E-4	708	0.1751412429378531	0.012894252510195884	7391	0.0	0.09005636199372512	0	NaN	NaN	0	NaN	NaN	1	1.0	0.0	0	NaN	NaN
2.0E-4	1135	0.307488986784141	0.009183032828118167	6963	0.0	0.073950278851793	0	NaN	NaN	0	NaN	NaN	2	1.0	0.0	0	NaN	NaN
3.0E-4	1842	0.250814332247557	0.011499960411820945	6255	0.0	0.06951943063194412	0	NaN	NaN	0	NaN	NaN	3	1.0	0.0	0	NaN	NaN
4.0E-4	2316	0.22279792746113988	0.011628184208233082	5780	0.0	0.06179933248617758	0	NaN	NaN	0	NaN	NaN	4	1.0	0.0	0	NaN	NaN
5.0E-4	2996	0.21762349799732977	0.011282991169207775	5085	0.0	0.0566911224834797	14	0.0	0.017067034747753087	0	NaN	NaN	4	1.0	0.0	1	1.0	0.0
6.0E-4	2750	0.18327272727272728	0.0130494964516612	5208	0.0	0.06259772795371192	137	0.23357664233576642	0.012119055814474651	0	NaN	NaN	4	1.0	0.0	1	1.0	0.0
7.0E-4	3050	0.24688524590163935	0.010488926807752484	4885	0.0	0.047174806581149864	159	0.20754716981132076	0.00588412696302391	0	NaN	NaN	5	1.0	0.0	1	1.0	0.0
8.0E-4	3530	0.2263456090651558	0.012090351720520441	4360	2.2935779816513763E-4	0.04304187490578066	203	0.3645320197044335	0.005574044705212693	0	NaN	NaN	6	1.0	0.0	1	1.0	0.0
9.0E-4	3679	0.23783636857841806	0.010208389796518445	4255	2.3501762632197415E-4	0.03677149578682102	158	0.46835443037974683	0.004004360856676623	0	NaN	NaN	7	1.0	0.0	1	1.0	0.0
0.0010	3609	0.200332502078138	0.013099666231045817	3786	2.641310089804543E-4	0.038730346633397986	696	0.42528735632183906	0.005872795224302294	0	NaN	NaN	8	1.0	0.0	1	1.0	0.0
0.0020	4539	0.2696629213483146	0.01114556823746883	1265	0.0	0.029316799076694756	2279	0.36638876700307155	0.007001177830663486	0	NaN	NaN	14	1.0	0.0	3	1.0	0.0
0.0030	2741	0.2707041225829989	0.010965679958805475	234	0.0	0.029962037002443934	5100	0.33980392156862743	0.008551437461777322	0	NaN	NaN	20	1.0	0.0	5	1.0	0.0
0.0040	2139	0.3155680224403927	0.007203222053778891	0	NaN	NaN	5932	0.3263654753877276	0.00836723454408332	0	NaN	NaN	23	1.0	0.0	6	1.0	0.0
0.0050	1934	0.4312306101344364	0.005473890089267034	0	NaN	NaN	6136	0.2925358539765319	0.0088883625322369	0	NaN	NaN	22	1.0	0.0	8	1.0	0.0
0.0060	2487	0.35424205870526737	0.007061336996862794	0	NaN	NaN	5583	0.26849364141142756	0.009353158955679718	0	NaN	NaN	21	1.0	0.0	9	1.0	0.0
0.0070	2186	0.4515096065873742	0.005496775410306994	0	NaN	NaN	5882	0.23682420945256716	0.009517979255877895	0	NaN	NaN	21	1.0	0.0	11	1.0	0.0
0.0080	2036	0.5044204322200393	0.004225326729127903	0	NaN	NaN	6031	0.30111092687779806	0.008616313034863033	0	NaN	NaN	20	1.0	0.0	13	1.0	0.0
0.0090	2059	0.46673142302088394	0.004679160943864037	0	NaN	NaN	6010	0.23211314475873543	0.01073670112894346	0	NaN	NaN	17	1.0	0.0	14	1.0	0.0
0.01	2231	0.3617212012550426	0.007342887604473807	0	NaN	NaN	5838	0.2689277149708804	0.009781728169849091	0	NaN	NaN	15	1.0	0.0	16	1.0	0.0
1.0E-4	708	0.1751412429378531	0.012894252510195884	7391	0.0	0.09005636199372512	0	NaN	NaN	0	NaN	NaN	1	1.0	0.0	0	NaN	NaN
2.0E-4	1135	0.307488986784141	0.009183032828118167	6963	0.0	0.073950278851793	0	NaN	NaN	0	NaN	NaN	2	1.0	0.0	0	NaN	NaN
3.0E-4	1842	0.250814332247557	0.011499960411820945	6255	0.0	0.06951943063194412	0	NaN	NaN	0	NaN	NaN	3	1.0	0.0	0	NaN	NaN
4.0E-4	2316	0.22279792746113988	0.011628184208233082	5780	0.0	0.06179933248617758	0	NaN	NaN	0	NaN	NaN	4	1.0	0.0	0	NaN	NaN
5.0E-4	2799	0.2450875312611647	0.012058444377724988	5185	0.0	0.05579345261378767	111	0.4594594594594595	0.007180205530958186	0	NaN	NaN	4	1.0	0.0	1	1.0	0.0
6.0E-4	2912	0.22767857142857142	0.012124178105555659	5127	0.0	0.051496703767099375	56	0.0	0.019795380112824678	0	NaN	NaN	4	1.0	0.0	1	1.0	0.0
7.0E-4	3344	0.20185406698564592	0.0120955485825294	4738	0.0	0.04714421771101392	12	0.0	0.030186177830648295	0	NaN	NaN	5	1.0	0.0	1	1.0	0.0
8.0E-4	3233	0.2270337148159604	0.011053040301428594	4522	2.2114108801415304E-4	0.03914079996691256	338	0.2514792899408284	0.007293966568358607	0	NaN	NaN	6	1.0	0.0	1	1.0	0.0
9.0E-4	3733	0.2335922850254487	0.012002631587801895	4009	0.010226989274133201	0.04138200578125501	350	0.24	0.009482275190037437	0	NaN	NaN	7	1.0	0.0	1	1.0	0.0
0.0010	3523	0.20976440533636107	0.010946142694525474	4037	2.4770869457517957E-4	0.03699473410913922	531	0.3615819209039548	0.0065646782418024765	0	NaN	NaN	8	1.0	0.0	1	1.0	0.0
0.0020	4452	0.2942497753818509	0.010197916888473013	1055	0.004739336492890996	0.029401080150233374	2576	0.3330745341614907	0.008886169582387311	0	NaN	NaN	14	1.0	0.0	3	1.0	0.0
0.0030	3067	0.2918161069448973	0.007470740544692076	70	0.0	0.027750903614139434	4938	0.24706358849736734	0.009740020316907967	0	NaN	NaN	20	1.0	0.0	5	1.0	0.0
0.0040	1758	0.44254835039817975	0.0047207681200147344	0	NaN	NaN	6313	0.3022334864565183	0.008117594286703932	0	NaN	NaN	23	1.0	0.0	6	1.0	0.0
0.0050	2136	0.45880149812734083	0.005898145353801472	0	NaN	NaN	5932	0.34002022926500336	0.007914563856624162	0	NaN	NaN	24	1.0	0.0	8	1.0	0.0
0.0060	2400	0.38458333333333333	0.0065166299655290754	0	NaN	NaN	5672	0.2935472496473907	0.009153885209509724	0	NaN	NaN	19	1.0	0.0	9	1.0	0.0
0.0070	1505	0.47308970099667774	0.005006279653831692	0	NaN	NaN	6562	0.2820786345626333	0.008567015172022664	0	NaN	NaN	22	1.0	0.0	11	1.0	0.0
0.0080	1781	0.5002807411566536	0.003983429297725187	0	NaN	NaN	6287	0.32877365993319546	0.008235097336072741	0	NaN	NaN	19	1.0	0.0	13	1.0	0.0
0.0090	1664	0.41165865384615385	0.004899540926397126	0	NaN	NaN	6403	0.3520224894580665	0.006828660094434676	0	NaN	NaN	19	1.0	0.0	14	1.0	0.0
0.01	2439	0.5211152111521116	0.004401031079202682	0	NaN	NaN	5629	0.23556581986143188	0.008940206345532695	0	NaN	NaN	16	1.0	0.0	16	1.0	0.0
1.0E-4	708	0.1751412429378531	0.012894252510195884	7391	0.0	0.09005636199372512	0	NaN	NaN	0	NaN	NaN	1	1.0	0.0	0	NaN	NaN
2.0E-4	1135	0.307488986784141	0.009183032828118167	6963	0.0	0.073950278851793	0	NaN	NaN	0	NaN	NaN	2	1.0	0.0	0	NaN	NaN
3.0E-4	1842	0.250814332247557	0.011499960411820945	6255	0.0	0.06951943063194412	0	NaN	NaN	0	NaN	NaN	3	1.0	0.0	0	NaN	NaN
4.0E-4	2316	0.22279792746113988	0.011628184208233082	5780	0.0	0.06179933248617758	0	NaN	NaN	0	NaN	NaN	4	1.0	0.0	0	NaN	NaN
5.0E-4	2972	0.20390309555854644	0.012969554224990033	5097	0.0	0.058551451732910195	26	0.0	0.011581847524596848	0	NaN	NaN	4	1.0	0.0	1	1.0	0.0
6.0E-4	2957	0.2543118025025364	0.010777406164728104	5138	0.0	0.04864588550615828	0	NaN	NaN	0	NaN	NaN	4	1.0	0.0	1	1.0	0.0
7.0E-4	3201	0.22305529522024367	0.011255536662992827	4893	0.0	0.03914300036428833	0	NaN	NaN	0	NaN	NaN	5	1.0	0.0	1	1.0	0.0
8.0E-4	2794	0.19398711524695778	0.01200987248577552	4739	2.1101498206372652E-4	0.043762218822920425	560	0.4303571428571429	0.0049589194317734685	0	NaN	NaN	6	1.0	0.0	1	1.0	0.0
9.0E-4	3425	0.2616058394160584	0.011310496100716319	4233	0.003307347035199622	0.04027066596880192	434	0.20276497695852536	0.009933795136147087	0	NaN	NaN	7	1.0	0.0	1	1.0	0.0
0.0010	3333	0.19801980198019803	0.01248378941664322	4106	0.0060886507549926935	0.03724038547420785	652	0.450920245398773	0.005320279917003388	0	NaN	NaN	8	1.0	0.0	1	1.0	0.0
0.0020	4565	0.22606790799561885	0.012867328071812017	991	0.013118062563067608	0.02971473214542603	2527	0.2805698456667986	0.009750188260890351	0	NaN	NaN	14	1.0	0.0	3	1.0	0.0
0.0030	2969	0.3580330077467161	0.007874201105953264	150	0.04666666666666667	0.027624573799727627	4956	0.3520984665052462	0.007496014007672375	0	NaN	NaN	20	1.0	0.0	5	1.0	0.0
0.0040	2156	0.31539888682745826	0.00657759878687796	0	NaN	NaN	5915	0.31022823330515636	0.00795575639190415	0	NaN	NaN	23	1.0	0.0	6	1.0	0.0
0.0050	2113	0.38334122101277807	0.005960581827806702	0	NaN	NaN	5957	0.32583515192210843	0.007894742460498082	0	NaN	NaN	22	1.0	0.0	8	1.0	0.0
0.0060	1785	0.4207282913165266	0.007224480076621259	0	NaN	NaN	6285	0.2996022275258552	0.008839034558722206	0	NaN	NaN	21	1.0	0.0	9	1.0	0.0
0.0070	2336	0.4871575342465753	0.005313144206550947	0	NaN	NaN	5737	0.2987624193829528	0.009788369207155843	0	NaN	NaN	16	1.0	0.0	11	1.0	0.0
0.0080	1665	0.5675675675675675	0.005999729457001305	0	NaN	NaN	6402	0.3530146829115901	0.007070741168621995	0	NaN	NaN	20	1.0	0.0	13	1.0	0.0
0.0090	1875	0.4176	0.005590578627516921	0	NaN	NaN	6194	0.28059412334517275	0.008671202482066176	0	NaN	NaN	17	1.0	0.0	14	1.0	0.0
0.01	2290	0.4336244541484716	0.005253376861583392	0	NaN	NaN	5778	0.2303565247490481	0.010188558770475526	0	NaN	NaN	16	1.0	0.0	16	1.0	0.0
1.0E-4	708	0.1751412429378531	0.012894252510195884	7391	0.0	0.09005636199372512	0	NaN	NaN	0	NaN	NaN	1	1.0	0.0	0	NaN	NaN
2.0E-4	1135	0.307488986784141	0.009183032828118167	6963	0.0	0.073950278851793	0	NaN	NaN	0	NaN	NaN	2	1.0	0.0	0	NaN	NaN
3.0E-4	1842	0.250814332247557	0.011499960411820945	6255	0.0	0.06951943063194412	0	NaN	NaN	0	NaN	NaN	3	1.0	0.0	0	NaN	NaN
4.0E-4	2316	0.22279792746113988	0.011628184208233082	5780	0.0	0.06179933248617758	0	NaN	NaN	0	NaN	NaN	4	1.0	0.0	0	NaN	NaN
5.0E-4	2660	0.20902255639097744	0.011037341051480508	5435	0.0	0.04730419369545908	0	NaN	NaN	0	NaN	NaN	4	1.0	0.0	1	1.0	0.0
6.0E-4	2467	0.2310498581272801	0.010539553560804316	5628	0.0	0.04781588884077855	0	NaN	NaN	0	NaN	NaN	4	1.0	0.0	1	1.0	0.0
7.0E-4	3060	0.2349673202614379	0.011438973061679616	4880	2.0491803278688525E-4	0.047953408155815155	154	0.487012987012987	0.00230986693505052	0	NaN	NaN	5	1.0	0.0	1	1.0	0.0
8.0E-4	3282	0.24283973187081048	0.009754027671694164	4653	2.149151085321298E-4	0.039860749367623634	158	0.46835443037974683	0.004004360856676623	0	NaN	NaN	6	1.0	0.0	1	1.0	0.0
9.0E-4	3578	0.237842370039128	0.010766704799783896	4151	2.409058058299205E-4	0.0399165795775055	363	0.6060606060606061	0.002435455102411684	0	NaN	NaN	7	1.0	0.0	1	1.0	0.0
0.0010	3532	0.21121177802944507	0.012187360439911483	3851	2.5967281225655674E-4	0.04065481091109359	708	0.23022598870056496	0.009755885436942674	0	NaN	NaN	8	1.0	0.0	1	1.0	0.0
0.0020	5088	0.2751572327044025	0.009553306567241791	849	0.015312131919905771	0.02790026354707945	2146	0.24370922646784715	0.009947759019522552	0	NaN	NaN	14	1.0	0.0	3	1.0	0.0
0.0030	3451	0.3419298753984352	0.007868584358795233	26	0.0	0.02254005314137836	4598	0.29208351457155285	0.00903048570793115	0	NaN	NaN	20	1.0	0.0	5	1.0	0.0
0.0040	2196	0.42213114754098363	0.005478383498179679	0	NaN	NaN	5876	0.30190605854322666	0.008027430401241577	0	NaN	NaN	22	1.0	0.0	6	1.0	0.0
0.0050	2182	0.42758936755270394	0.005813422706488754	0	NaN	NaN	5887	0.276371666383557	0.00823010021436348	0	NaN	NaN	23	1.0	0.0	8	1.0	0.0
0.0060	1557	0.45343609505459215	0.005847301072794193	0	NaN	NaN	6510	0.28310291858678954	0.009229853597242533	0	NaN	NaN	24	1.0	0.0	9	1.0	0.0
0.0070	2253	0.39769196626719927	0.006314537256874384	0	NaN	NaN	5816	0.25739339752407153	0.009990535889636623	0	NaN	NaN	20	1.0	0.0	11	1.0	0.0
0.0080	1879	0.5417775412453433	0.004267991141004006	0	NaN	NaN	6189	0.31927613507836483	0.008488004711800497	0	NaN	NaN	19	1.0	0.0	13	1.0	0.0
0.0090	2089	0.40497845859262804	0.006617362697974824	0	NaN	NaN	5980	0.27959866220735785	0.008828048812198985	0	NaN	NaN	17	1.0	0.0	14	1.0	0.0
0.01	1671	0.44165170556552963	0.005063099156041133	0	NaN	NaN	6395	0.34777169663799845	0.006912263905147229	0	NaN	NaN	18	1.0	0.0	16	1.0	0.0
1.0E-4	708	0.1751412429378531	0.012894252510195884	7391	0.0	0.09005636199372512	0	NaN	NaN	0	NaN	NaN	1	1.0	0.0	0	NaN	NaN
2.0E-4	1135	0.307488986784141	0.009183032828118167	6963	0.0	0.073950278851793	0	NaN	NaN	0	NaN	NaN	2	1.0	0.0	0	NaN	NaN
3.0E-4	1842	0.250814332247557	0.011499960411820945	6255	0.0	0.06951943063194412	0	NaN	NaN	0	NaN	NaN	3	1.0	0.0	0	NaN	NaN
4.0E-4	2316	0.22279792746113988	0.011628184208233082	5780	0.0	0.06179933248617758	0	NaN	NaN	0	NaN	NaN	4	1.0	0.0	0	NaN	NaN
5.0E-4	2402	0.32722731057452126	0.00799129507808129	5597	0.0030373414329104877	0.04811084126600608	96	0.7395833333333334	9.001927404785524E-4	0	NaN	NaN	4	1.0	0.0	1	1.0	0.0
6.0E-4	3024	0.20667989417989419	0.012531281466999684	5071	0.0	0.050532797920448694	0	NaN	NaN	0	NaN	NaN	4	1.0	0.0	1	1.0	0.0
7.0E-4	3253	0.21948970181371041	0.011704143552449532	4841	0.0	0.03937933371841753	0	NaN	NaN	0	NaN	NaN	5	1.0	0.0	1	1.0	0.0
8.0E-4	3342	0.2381807301017355	0.010543533419040293	4587	0.0	0.03971831116393297	164	0.4329268292682927	0.0026715533522028547	0	NaN	NaN	6	1.0	0.0	1	1.0	0.0
9.0E-4	3694	0.24715755278830537	0.010642872767898232	4176	2.3946360153256704E-4	0.04015089744847545	222	0.3333333333333333	0.006407981463295586	0	NaN	NaN	7	1.0	0.0	1	1.0	0.0
0.0010	3733	0.22287704259308866	0.012289378307648499	3879	2.577984016499098E-4	0.040152320209441955	479	0.3298538622129436	0.0075113630879440965	0	NaN	NaN	8	1.0	0.0	1	1.0	0.0
0.0020	4978	0.2593411008437123	0.01059328881236975	924	0.020562770562770564	0.02599771244691835	2181	0.3342503438789546	0.00816409048349257	0	NaN	NaN	14	1.0	0.0	3	1.0	0.0
0.0030	2845	0.3328646748681898	0.007922307750291593	155	0.0	0.0301697640899364	5075	0.2805911330049261	0.00857381173964836	0	NaN	NaN	20	1.0	0.0	5	1.0	0.0
0.0040	2009	0.46241911398705826	0.005217081924336775	0	NaN	NaN	6061	0.3263487873288236	0.007524192096423656	0	NaN	NaN	24	1.0	0.0	6	1.0	0.0
0.0050	1704	0.41607981220657275	0.006304999703697951	0	NaN	NaN	6364	0.3130106851037084	0.008628793362753021	0	NaN	NaN	24	1.0	0.0	8	1.0	0.0
0.0060	1710	0.4590643274853801	0.005590666793061054	0	NaN	NaN	6357	0.33506370929683815	0.0076406796822991625	0	NaN	NaN	24	1.0	0.0	9	1.0	0.0
0.0070	1983	0.43469490670700955	0.005387891548713052	0	NaN	NaN	6086	0.3892540256325994	0.006935668732696846	0	NaN	NaN	20	1.0	0.0	11	1.0	0.0
0.0080	1436	0.5626740947075209	0.0035971823186734383	0	NaN	NaN	6630	0.3239819004524887	0.0076905787781059365	0	NaN	NaN	21	1.0	0.0	13	1.0	0.0
0.0090	2387	0.41642228739002934	0.005839415535387814	0	NaN	NaN	5683	0.2776702445891255	0.009516152408391544	0	NaN	NaN	16	1.0	0.0	14	1.0	0.0
0.01	2512	0.4482484076433121	0.0038947976181301185	0	NaN	NaN	5558	0.28823317740194315	0.008419755514549536	0	NaN	NaN	14	1.0	0.0	16	1.0	0.0
1.0E-4	708	0.1751412429378531	0.012894252510195884	7391	0.0	0.09005636199372512	0	NaN	NaN	0	NaN	NaN	1	1.0	0.0	0	NaN	NaN
2.0E-4	1135	0.307488986784141	0.009183032828118167	6963	0.0	0.073950278851793	0	NaN	NaN	0	NaN	NaN	2	1.0	0.0	0	NaN	NaN
3.0E-4	1842	0.250814332247557	0.011499960411820945	6255	0.0	0.06951943063194412	0	NaN	NaN	0	NaN	NaN	3	1.0	0.0	0	NaN	NaN
4.0E-4	2316	0.22279792746113988	0.011628184208233082	5780	0.0	0.06179933248617758	0	NaN	NaN	0	NaN	NaN	4	1.0	0.0	0	NaN	NaN
5.0E-4	2512	0.17237261146496816	0.01426939526959617	5327	0.0	0.06431314123365105	256	0.35546875	0.0089330158092599	0	NaN	NaN	4	1.0	0.0	1	1.0	0.0
6.0E-4	2848	0.24262640449438203	0.011968656577778992	5247	0.0	0.04432284645758618	0	NaN	NaN	0	NaN	NaN	4	1.0	0.0	1	1.0	0.0
7.0E-4	2699	0.24416450537236015	0.010669959309297657	5230	0.0	0.04542221443298311	165	0.0	0.010965279179079109	0	NaN	NaN	5	1.0	0.0	1	1.0	0.0
8.0E-4	3048	0.24311023622047245	0.011148379022770563	4756	2.1026072329688813E-4	0.042881358174256944	289	0.28027681660899656	0.005772665129681028	0	NaN	NaN	6	1.0	0.0	1	1.0	0.0
9.0E-4	3511	0.18997436627741385	0.014373696190202285	4143	2.413709872073377E-4	0.04104924234979579	438	0.3607305936073059	0.0070011581918756295	0	NaN	NaN	7	1.0	0.0	1	1.0	0.0
0.0010	3387	0.2122822556834957	0.013239303662930151	4023	2.4857071836937607E-4	0.03970099276745965	681	0.30983847283406757	0.006559673729026445	0	NaN	NaN	8	1.0	0.0	1	1.0	0.0
0.0020	4683	0.23660046978432628	0.01029854549226755	1068	0.0	0.029626008273569534	2332	0.3078902229845626	0.009169499216248102	0	NaN	NaN	14	1.0	0.0	3	1.0	0.0
0.0030	2988	0.4323962516733601	0.00607139714146401	46	0.0	0.023208315758626984	5041	0.3108510216226939	0.008263010040640084	0	NaN	NaN	20	1.0	0.0	5	1.0	0.0
0.0040	2177	0.4212218649517685	0.00533107994262433	0	NaN	NaN	5895	0.33146734520780324	0.0075306887124376816	0	NaN	NaN	22	1.0	0.0	6	1.0	0.0
0.0050	2424	0.4806105610561056	0.004421082922780736	0	NaN	NaN	5647	0.2843987958207898	0.009254284471077462	0	NaN	NaN	21	1.0	0.0	8	1.0	0.0
0.0060	1901	0.37927406628090476	0.006991187065401509	0	NaN	NaN	6167	0.2584725149991892	0.010010237089300303	0	NaN	NaN	23	1.0	0.0	9	1.0	0.0
0.0070	2113	0.391859914813062	0.006296834051082928	0	NaN	NaN	5957	0.2477757260365956	0.008940879015397417	0	NaN	NaN	19	1.0	0.0	11	1.0	0.0
0.0080	2078	0.534167468719923	0.0043043611189663095	0	NaN	NaN	5992	0.29355807743658213	0.008102656214486751	0	NaN	NaN	17	1.0	0.0	13	1.0	0.0
0.0090	1662	0.36522262334536704	0.006013619399551962	0	NaN	NaN	6406	0.34686231657820793	0.007614879756946189	0	NaN	NaN	18	1.0	0.0	14	1.0	0.0
0.01	1594	0.5351317440401505	0.0039953545648286695	0	NaN	NaN	6471	0.28959975274300725	0.008989425446525603	0	NaN	NaN	19	1.0	0.0	16	1.0	0.0
1.0E-4	708	0.1751412429378531	0.012894252510195884	7391	0.0	0.09005636199372512	0	NaN	NaN	0	NaN	NaN	1	1.0	0.0	0	NaN	NaN
2.0E-4	1135	0.307488986784141	0.009183032828118167	6963	0.0	0.073950278851793	0	NaN	NaN	0	NaN	NaN	2	1.0	0.0	0	NaN	NaN
3.0E-4	1842	0.250814332247557	0.011499960411820945	6255	0.0	0.06951943063194412	0	NaN	NaN	0	NaN	NaN	3	1.0	0.0	0	NaN	NaN
4.0E-4	2316	0.22279792746113988	0.011628184208233082	5780	0.0	0.06179933248617758	0	NaN	NaN	0	NaN	NaN	4	1.0	0.0	0	NaN	NaN
5.0E-4	2740	0.20547445255474453	0.012289505641559397	5213	0.0	0.05842377164717932	142	0.028169014084507043	0.012676625354998666	0	NaN	NaN	4	1.0	0.0	1	1.0	0.0
6.0E-4	2738	0.20452885317750183	0.01209496565476991	5214	0.0	0.0586751638357452	143	0.04895104895104895	0.012347332567650495	0	NaN	NaN	4	1.0	0.0	1	1.0	0.0
7.0E-4	3126	0.2965451055662188	0.00962508688751995	4847	0.0016505054672993605	0.04281320011433354	121	0.008264462809917356	0.01478796790449125	0	NaN	NaN	5	1.0	0.0	1	1.0	0.0
8.0E-4	3517	0.22860392379869207	0.013512517424141196	4368	0.004578754578754579	0.04205297782609037	208	0.38461538461538464	0.005255436386721978	0	NaN	NaN	6	1.0	0.0	1	1.0	0.0
9.0E-4	3755	0.24820239680426098	0.010620080997020363	4062	2.461841457410143E-4	0.039754185561052535	275	0.3563636363636364	0.00531087468623339	0	NaN	NaN	7	1.0	0.0	1	1.0	0.0
0.0010	3523	0.2117513482827136	0.012031956399305835	3856	2.5933609958506224E-4	0.04063002592500655	712	0.22893258426966293	0.0098467274439755	0	NaN	NaN	8	1.0	0.0	1	1.0	0.0
0.0020	4223	0.19748993606440918	0.012980177783081982	1132	0.011484098939929329	0.031252809911259165	2728	0.22947214076246333	0.010849222696169322	0	NaN	NaN	14	1.0	0.0	3	1.0	0.0
0.0030	2908	0.3194635488308116	0.010442535158957414	149	0.0	0.03459258511979406	5018	0.3459545635711439	0.00779458531383031	0	NaN	NaN	20	1.0	0.0	5	1.0	0.0
0.0040	2499	0.4253701480592237	0.005808839520242673	0	NaN	NaN	5572	0.30904522613065327	0.008097250877050424	0	NaN	NaN	23	1.0	0.0	6	1.0	0.0
0.0050	2163	0.41562644475265836	0.005549770221025846	0	NaN	NaN	5908	0.3051794177386594	0.007962260003710983	0	NaN	NaN	21	1.0	0.0	8	1.0	0.0
0.0060	2238	0.3941018766756032	0.0051131464868861025	0	NaN	NaN	5833	0.2929881707526144	0.008615420446843594	0	NaN	NaN	20	1.0	0.0	9	1.0	0.0
0.0070	1729	0.5401966454598034	0.004910064619228354	0	NaN	NaN	6339	0.3101435557658937	0.008047671623183752	0	NaN	NaN	21	1.0	0.0	11	1.0	0.0
0.0080	1861	0.43471252015045675	0.005386372244195105	0	NaN	NaN	6208	0.24774484536082475	0.009101158052425999	0	NaN	NaN	18	1.0	0.0	13	1.0	0.0
0.0090	2569	0.4289606850914753	0.005257461091030571	0	NaN	NaN	5502	0.24263904034896402	0.01048677191292443	0	NaN	NaN	15	1.0	0.0	14	1.0	0.0
0.01	1687	0.46710136336692354	0.004905591072983758	0	NaN	NaN	6380	0.2901253918495298	0.00885389046499374	0	NaN	NaN	17	1.0	0.0	16	1.0	0.0
1.0E-4	708	0.1751412429378531	0.012894252510195884	7391	0.0	0.09005636199372512	0	NaN	NaN	0	NaN	NaN	1	1.0	0.0	0	NaN	NaN
2.0E-4	1135	0.307488986784141	0.009183032828118167	6963	0.0	0.073950278851793	0	NaN	NaN	0	NaN	NaN	2	1.0	0.0	0	NaN	NaN
3.0E-4	1842	0.250814332247557	0.011499960411820945	6255	0.0	0.06951943063194412	0	NaN	NaN	0	NaN	NaN	3	1.0	0.0	0	NaN	NaN
4.0E-4	2316	0.22279792746113988	0.011628184208233082	5780	0.0	0.06179933248617758	0	NaN	NaN	0	NaN	NaN	4	1.0	0.0	0	NaN	NaN
5.0E-4	2489	0.21414222579349138	0.0119211357292463	5520	0.0	0.05222692346543784	86	0.6046511627906976	0.0011675291581831231	0	NaN	NaN	4	1.0	0.0	1	1.0	0.0
6.0E-4	2502	0.24620303756994405	0.010805165322178198	5458	0.0	0.05959768951255102	135	0.044444444444444446	0.006744713976261486	0	NaN	NaN	4	1.0	0.0	1	1.0	0.0
7.0E-4	3031	0.24381392279775652	0.01064411845689732	4896	0.0	0.04575779164459008	167	0.041916167664670656	0.011213368638230869	0	NaN	NaN	5	1.0	0.0	1	1.0	0.0
8.0E-4	3252	0.17281672816728166	0.013086101238106457	4561	0.0015347511510633632	0.04067952583467517	280	0.3	0.008692208116737925	0	NaN	NaN	6	1.0	0.0	1	1.0	0.0
9.0E-4	3574	0.25209848908785676	0.010534059515720314	4210	2.3752969121140142E-4	0.04036374267860697	308	0.2792207792207792	0.008153280667870204	0	NaN	NaN	7	1.0	0.0	1	1.0	0.0
0.0010	3698	0.18631692806922662	0.013681499905405478	3783	0.0023790642347343376	0.038725042165618895	610	0.3540983606557377	0.0073398938616841885	0	NaN	NaN	8	1.0	0.0	1	1.0	0.0
0.0020	4509	0.2796628964293635	0.011276204223610163	844	0.015402843601895734	0.02938467512992031	2730	0.2813186813186813	0.008559879237199246	0	NaN	NaN	14	1.0	0.0	3	1.0	0.0
0.0030	2846	0.3292340126493324	0.010063563112381227	215	0.0	0.03601600739368925	5014	0.28619864379736737	0.009059672064890504	0	NaN	NaN	20	1.0	0.0	5	1.0	0.0
0.0040	2048	0.3837890625	0.00583963132755932	0	NaN	NaN	6023	0.3250871658641873	0.008013099845438363	0	NaN	NaN	23	1.0	0.0	6	1.0	0.0
0.0050	2001	0.34632683658170915	0.006324131096565713	0	NaN	NaN	6069	0.2792881858625803	0.009169639357631909	0	NaN	NaN	22	1.0	0.0	8	1.0	0.0
0.0060	1881	0.43912812333864965	0.00552462467136289	0	NaN	NaN	6189	0.29148489255130067	0.008303049663418525	0	NaN	NaN	21	1.0	0.0	9	1.0	0.0
0.0070	2109	0.4139402560455192	0.005487737806335442	0	NaN	NaN	5961	0.30716322764636805	0.00891397252329604	0	NaN	NaN	19	1.0	0.0	11	1.0	0.0
0.0080	1870	0.4550802139037433	0.005819179210875911	0	NaN	NaN	6199	0.2740764639457977	0.008767884257712959	0	NaN	NaN	18	1.0	0.0	13	1.0	0.0
0.0090	1585	0.45425867507886436	0.005889325763551984	0	NaN	NaN	6480	0.30169753086419754	0.008549741760263522	0	NaN	NaN	21	1.0	0.0	14	1.0	0.0
0.01	1671	0.4278874925194494	0.008943435025217945	0	NaN	NaN	6394	0.2649358773850485	0.008686455732318216	0	NaN	NaN	19	1.0	0.0	16	1.0	0.0
