sampleRate	unanimous total	unanimous%	unanimousAvgLoss	defaultApproxTotal	defaultApprox%	defaultApproxAvgLoss	landslideTotal	landslide%	landslideApproxAvgLoss	ambiguousTotal	ambiguous%	ambiguousAvgLoss	noVotesTotal	noVotes%	noVotesAvgLoss
1.00E-04	708	0	0.012894253	7391	0	0.090056362	0	NaN	NaN	0	NaN	NaN	1	1	0
2.00E-04	1135	0	0.009183033	6963	0	0.073950279	0	NaN	NaN	0	NaN	NaN	2	1	0
3.00E-04	1842	0	0.01149996	6255	0	0.069519431	0	NaN	NaN	0	NaN	NaN	3	1	0
4.00E-04	2316	0	0.011628184	5780	0	0.061799332	0	NaN	NaN	0	NaN	NaN	4	1	0
5.00E-04	2548	0	0.007917235	5542	0	0.048493735	6	0	0.008125957	0	NaN	NaN	4	1	0
6.00E-04	2843	0	0.011224577	5217	0	0.047247803	36	0	0.017041432	0	NaN	NaN	4	1	0
7.00E-04	2820	0	0.012122656	5002	0	0.04539504	273	0	0.003277063	0	NaN	NaN	5	1	0
8.00E-04	3003	0	0.011828742	4624	0	0.043264472	467	0	0.006863974	0	NaN	NaN	6	1	0
9.00E-04	3680	0	0.011231212	4255	0	0.03652963	158	0	0.004004361	0	NaN	NaN	7	1	0
0.001	3587	0	0.014010669	3798	0	0.042566986	707	0	0.006966342	0	NaN	NaN	8	1	0
0.002	4251	0	0.010103372	1247	0	0.026814726	2588	0	0.010494271	0	NaN	NaN	14	1	0
0.003	3639	0	0.007649272	7	0	0.038201868	4434	0	0.009085291	0	NaN	NaN	20	1	0
0.004	2093	0	0.005413457	0	NaN	NaN	5984	0	0.009126955	0	NaN	NaN	23	1	0
0.005	1913	0	0.005709228	0	NaN	NaN	6163	0	0.009089619	0	NaN	NaN	24	1	0
0.006	1751	0	0.005038434	0	NaN	NaN	6326	0	0.007567542	0	NaN	NaN	23	1	0
0.007	1690	0	0.005548954	0	NaN	NaN	6389	0	0.008495635	0	NaN	NaN	21	1	0
0.008	1905	0	0.004938094	0	NaN	NaN	6176	0	0.008590169	0	NaN	NaN	19	1	0
0.009	1522	0	0.004663024	0	NaN	NaN	6560	0	0.008105237	0	NaN	NaN	18	1	0
0.01	1797	0	0.005398252	0	NaN	NaN	6288	0	0.007975724	0	NaN	NaN	15	1	0
1.00E-04	708	0	0.012894253	7391	0	0.090056362	0	NaN	NaN	0	NaN	NaN	1	1	0
2.00E-04	1135	0	0.009183033	6963	0	0.073950279	0	NaN	NaN	0	NaN	NaN	2	1	0
3.00E-04	1842	0	0.01149996	6255	0	0.069519431	0	NaN	NaN	0	NaN	NaN	3	1	0
4.00E-04	2316	0	0.011628184	5780	0	0.061799332	0	NaN	NaN	0	NaN	NaN	4	1	0
5.00E-04	2539	0	0.010761295	5557	0	0.054985964	0	NaN	NaN	0	NaN	NaN	4	1	0
6.00E-04	2667	0	0.012845384	5250	0	0.060414386	179	0	0.004616567	0	NaN	NaN	4	1	0
7.00E-04	3017	0	0.00989803	4902	0	0.045703262	176	0	0.014480394	0	NaN	NaN	5	1	0
8.00E-04	3168	0	0.009687218	4768	0	0.041531217	158	0	0.004004361	0	NaN	NaN	6	1	0
9.00E-04	3470	0	0.010802944	4205	0	0.039292539	418	0	0.004480802	0	NaN	NaN	7	1	0
0.001	3593	0	0.012444948	3850	0	0.037429561	649	0	0.005865393	0	NaN	NaN	8	1	0
0.002	4838	0	0.009375934	950	0	0.028506142	2298	0	0.009690305	0	NaN	NaN	14	1	0
0.003	2747	0	0.01086219	211	0	0.03520549	5122	0	0.007648577	0	NaN	NaN	20	1	0
0.004	2667	0	0.00624591	0	NaN	NaN	5409	0	0.009512803	0	NaN	NaN	24	1	0
0.005	1914	0	0.004180893	0	NaN	NaN	6163	0	0.008291195	0	NaN	NaN	23	1	0
0.006	1473	0	0.005653979	0	NaN	NaN	6603	0	0.007253743	0	NaN	NaN	24	1	0
0.007	1814	0	0.005539862	0	NaN	NaN	6266	0	0.008853408	0	NaN	NaN	20	1	0
0.008	1773	0	0.005787662	0	NaN	NaN	6308	0	0.007686428	0	NaN	NaN	19	1	0
0.009	2207	0	0.007858373	0	NaN	NaN	5875	0	0.008583797	0	NaN	NaN	18	1	0
0.01	1331	0	0.003954436	0	NaN	NaN	6749	0	0.007856238	0	NaN	NaN	20	1	0
1.00E-04	708	0	0.012894253	7391	0	0.090056362	0	NaN	NaN	0	NaN	NaN	1	1	0
2.00E-04	1135	0	0.009183033	6963	0	0.073950279	0	NaN	NaN	0	NaN	NaN	2	1	0
3.00E-04	1842	0	0.01149996	6255	0	0.069519431	0	NaN	NaN	0	NaN	NaN	3	1	0
4.00E-04	2316	0	0.011628184	5780	0	0.061799332	0	NaN	NaN	0	NaN	NaN	4	1	0
5.00E-04	2661	0	0.011205444	5435	0	0.046072387	0	NaN	NaN	0	NaN	NaN	4	1	0
6.00E-04	2573	0	0.010694243	5523	0	0.054985052	0	NaN	NaN	0	NaN	NaN	4	1	0
7.00E-04	3149	0	0.012849437	4836	0	0.046117644	110	0	0.014548078	0	NaN	NaN	5	1	0
8.00E-04	3346	0	0.010375809	4651	0	0.039248508	97	0	0.005173505	0	NaN	NaN	6	1	0
9.00E-04	3512	0	0.010548533	4185	0	0.037453094	396	0	0.0111094	0	NaN	NaN	7	1	0
0.001	3517	0	0.012811631	4002	0	0.041199979	573	0	0.006685548	0	NaN	NaN	8	1	0
0.002	4542	0	0.010427896	976	0	0.034219326	2568	0	0.011160836	0	NaN	NaN	14	1	0
0.003	2998	0	0.00711073	118	0	0.020884361	4964	0	0.009838648	0	NaN	NaN	20	1	0
0.004	2134	0	0.006915715	0	NaN	NaN	5942	0	0.008739757	0	NaN	NaN	24	1	0
0.005	1380	0	0.004454316	0	NaN	NaN	6696	0	0.007467807	0	NaN	NaN	24	1	0
0.006	1998	0	0.004502134	0	NaN	NaN	6081	0	0.00832978	0	NaN	NaN	21	1	0
0.007	1784	0	0.004908187	0	NaN	NaN	6295	0	0.007565943	0	NaN	NaN	21	1	0
0.008	2295	0	0.00585728	0	NaN	NaN	5788	0	0.009591929	0	NaN	NaN	17	1	0
0.009	1653	0	0.003903603	0	NaN	NaN	6430	0	0.007680984	0	NaN	NaN	17	1	0
0.01	1936	0	0.004061464	0	NaN	NaN	6149	0	0.008123316	0	NaN	NaN	15	1	0
1.00E-04	708	0	0.012894253	7391	0	0.090056362	0	NaN	NaN	0	NaN	NaN	1	1	0
2.00E-04	1135	0	0.009183033	6963	0	0.073950279	0	NaN	NaN	0	NaN	NaN	2	1	0
3.00E-04	1842	0	0.01149996	6255	0	0.069519431	0	NaN	NaN	0	NaN	NaN	3	1	0
4.00E-04	2316	0	0.011628184	5780	0	0.061799332	0	NaN	NaN	0	NaN	NaN	4	1	0
5.00E-04	2663	0	0.010669968	5407	0	0.056104042	26	0	0.012601049	0	NaN	NaN	4	1	0
6.00E-04	2643	0	0.008690649	5444	0	0.048964474	9	0	0.006455471	0	NaN	NaN	4	1	0
7.00E-04	2888	0	0.01110322	5060	0	0.04336057	147	0	0.002223991	0	NaN	NaN	5	1	0
8.00E-04	3168	0	0.009489421	4768	0	0.041495402	158	0	0.004004361	0	NaN	NaN	6	1	0
9.00E-04	3346	0	0.009647254	4378	0	0.037088148	369	0	0.003720384	0	NaN	NaN	7	1	0
0.001	3710	0	0.01214695	3736	0	0.035304667	646	0	0.007889776	0	NaN	NaN	8	1	0
0.002	4426	0	0.009079271	1205	0	0.027071205	2455	0	0.010154594	0	NaN	NaN	14	1	0
0.003	2961	0	0.010253696	223	0	0.030893429	4896	0	0.009621906	0	NaN	NaN	20	1	0
0.004	2200	0	0.005282019	0	NaN	NaN	5876	0	0.007742494	0	NaN	NaN	24	1	0
0.005	2526	0	0.004820071	0	NaN	NaN	5554	0	0.009315567	0	NaN	NaN	20	1	0
0.006	2094	0	0.005874987	0	NaN	NaN	5985	0	0.008283165	0	NaN	NaN	21	1	0
0.007	2295	0	0.007078479	0	NaN	NaN	5787	0	0.008916024	0	NaN	NaN	18	1	0
0.008	2406	0	0.005430541	0	NaN	NaN	5677	0	0.008119212	0	NaN	NaN	17	1	0
0.009	1614	0	0.004435518	0	NaN	NaN	6467	0	0.008910571	0	NaN	NaN	19	1	0
0.01	2392	0	0.004442532	0	NaN	NaN	5692	0	0.007497628	0	NaN	NaN	16	1	0
1.00E-04	708	0	0.012894253	7391	0	0.090056362	0	NaN	NaN	0	NaN	NaN	1	1	0
2.00E-04	1135	0	0.009183033	6963	0	0.073950279	0	NaN	NaN	0	NaN	NaN	2	1	0
3.00E-04	1842	0	0.01149996	6255	0	0.069519431	0	NaN	NaN	0	NaN	NaN	3	1	0
4.00E-04	2316	0	0.011628184	5780	0	0.061799332	0	NaN	NaN	0	NaN	NaN	4	1	0
5.00E-04	2752	0	0.01054564	5344	0	0.046561821	0	NaN	NaN	0	NaN	NaN	4	1	0
6.00E-04	2463	0	0.008175465	5633	0	0.047947516	0	NaN	NaN	0	NaN	NaN	4	1	0
7.00E-04	3271	0	0.011691721	4677	0	0.042729569	147	0	0.002223991	0	NaN	NaN	5	1	0
8.00E-04	3282	0	0.010148879	4654	0	0.039459614	158	0	0.004004361	0	NaN	NaN	6	1	0
9.00E-04	3783	0	0.010926565	4050	0	0.038326385	260	0	0.006808868	0	NaN	NaN	7	1	0
0.001	3309	0	0.011459919	4111	0	0.040597469	672	0	0.008357673	0	NaN	NaN	8	1	0
0.002	4885	0	0.009371082	833	0	0.02509582	2368	0	0.009768115	0	NaN	NaN	14	1	0
0.003	2833	0	0.008607927	175	0	0.027829905	5072	0	0.009076765	0	NaN	NaN	20	1	0
0.004	2059	0	0.005812507	0	NaN	NaN	6018	0	0.007749979	0	NaN	NaN	23	1	0
0.005	1948	0	0.00488091	0	NaN	NaN	6131	0	0.007167179	0	NaN	NaN	21	1	0
0.006	1547	0	0.00516779	0	NaN	NaN	6530	0	0.007658811	0	NaN	NaN	23	1	0
0.007	1392	0	0.004147266	0	NaN	NaN	6684	0	0.006725609	0	NaN	NaN	24	1	0
0.008	1587	0	0.006814814	0	NaN	NaN	6491	0	0.008242881	0	NaN	NaN	22	1	0
0.009	2107	0	0.006060802	0	NaN	NaN	5977	0	0.008964219	0	NaN	NaN	16	1	0
0.01	1879	0	0.006456191	0	NaN	NaN	6205	0	0.008368359	0	NaN	NaN	16	1	0
1.00E-04	708	0	0.012894253	7391	0	0.090056362	0	NaN	NaN	0	NaN	NaN	1	1	0
2.00E-04	1135	0	0.009183033	6963	0	0.073950279	0	NaN	NaN	0	NaN	NaN	2	1	0
3.00E-04	1842	0	0.01149996	6255	0	0.069519431	0	NaN	NaN	0	NaN	NaN	3	1	0
4.00E-04	2316	0	0.011628184	5780	0	0.061799332	0	NaN	NaN	0	NaN	NaN	4	1	0
5.00E-04	2802	0	0.011775657	5294	0	0.049448017	0	NaN	NaN	0	NaN	NaN	4	1	0
6.00E-04	2675	0	0.01113077	5246	0	0.064736993	175	0	0.006603585	0	NaN	NaN	4	1	0
7.00E-04	2802	0	0.013507452	4851	0	0.054423432	442	0	0.011238853	0	NaN	NaN	5	1	0
8.00E-04	3449	0	0.010813022	4498	0	0.038030234	147	0	0.002223991	0	NaN	NaN	6	1	0
9.00E-04	3536	0	0.011004238	4172	0	0.039460955	385	0	0.005174412	0	NaN	NaN	7	1	0
0.001	3519	0	0.013128478	3859	0	0.035935128	714	0	0.008200439	0	NaN	NaN	8	1	0
0.002	4623	0	0.011948726	876	0	0.027574017	2587	0	0.008472109	0	NaN	NaN	14	1	0
0.003	2715	0	0.008326134	250	0	0.032566489	5115	0	0.0084828	0	NaN	NaN	20	1	0
0.004	1907	0	0.006189977	0	NaN	NaN	6168	0	0.007864005	0	NaN	NaN	25	1	0
0.005	2252	0	0.004178493	0	NaN	NaN	5829	0	0.008739648	0	NaN	NaN	19	1	0
0.006	2049	0	0.004200434	0	NaN	NaN	6030	0	0.008232439	0	NaN	NaN	21	1	0
0.007	1761	0	0.00431639	0	NaN	NaN	6320	0	0.009026843	0	NaN	NaN	19	1	0
0.008	2319	0	0.005008861	0	NaN	NaN	5764	0	0.008250235	0	NaN	NaN	17	1	0
0.009	1792	0	0.003592106	0	NaN	NaN	6291	0	0.007451261	0	NaN	NaN	17	1	0
0.01	1797	0	0.006375345	0	NaN	NaN	6285	0	0.009642619	0	NaN	NaN	18	1	0
1.00E-04	708	0	0.012894253	7391	0	0.090056362	0	NaN	NaN	0	NaN	NaN	1	1	0
2.00E-04	1135	0	0.009183033	6963	0	0.073950279	0	NaN	NaN	0	NaN	NaN	2	1	0
3.00E-04	1842	0	0.01149996	6255	0	0.069519431	0	NaN	NaN	0	NaN	NaN	3	1	0
4.00E-04	2316	0	0.011628184	5780	0	0.061799332	0	NaN	NaN	0	NaN	NaN	4	1	0
5.00E-04	2422	0	0.01172411	5513	0	0.058575505	161	0	0.001831501	0	NaN	NaN	4	1	0
6.00E-04	2910	0	0.012729924	5186	0	0.057368697	0	NaN	NaN	0	NaN	NaN	4	1	0
7.00E-04	2936	0	0.011232055	5012	0	0.043577632	147	0	0.002223991	0	NaN	NaN	5	1	0
8.00E-04	3643	0	0.011839899	4304	0	0.044125588	147	0	0.002223991	0	NaN	NaN	6	1	0
9.00E-04	3908	0	0.010964768	3986	0	0.038114729	199	0	0.006908206	0	NaN	NaN	7	1	0
0.001	3454	0	0.012425327	3989	0	0.039737367	649	0	0.005865393	0	NaN	NaN	8	1	0
0.002	4565	0	0.011247933	1071	0	0.030284335	2450	0	0.008780055	0	NaN	NaN	14	1	0
0.003	2706	0	0.006772907	105	0	0.019537287	5269	0	0.007991467	0	NaN	NaN	20	1	0
0.004	1805	0	0.005559639	0	NaN	NaN	6270	0	0.008986713	0	NaN	NaN	25	1	0
0.005	2193	0	0.006027847	0	NaN	NaN	5883	0	0.008541729	0	NaN	NaN	24	1	0
0.006	1816	0	0.00468941	0	NaN	NaN	6263	0	0.008021464	0	NaN	NaN	21	1	0
0.007	1455	0	0.005994427	0	NaN	NaN	6621	0	0.008798763	0	NaN	NaN	24	1	0
0.008	2232	0	0.005983658	0	NaN	NaN	5852	0	0.00881343	0	NaN	NaN	16	1	0
0.009	2020	0	0.005416209	0	NaN	NaN	6062	0	0.009677968	0	NaN	NaN	18	1	0
0.01	1703	0	0.004075554	0	NaN	NaN	6380	0	0.00873154	0	NaN	NaN	17	1	0
1.00E-04	708	0	0.012894253	7391	0	0.090056362	0	NaN	NaN	0	NaN	NaN	1	1	0
2.00E-04	1135	0	0.009183033	6963	0	0.073950279	0	NaN	NaN	0	NaN	NaN	2	1	0
3.00E-04	1842	0	0.01149996	6255	0	0.069519431	0	NaN	NaN	0	NaN	NaN	3	1	0
4.00E-04	2316	0	0.011628184	5780	0	0.061799332	0	NaN	NaN	0	NaN	NaN	4	1	0
5.00E-04	3024	0	0.011333531	5072	0	0.056756208	0	NaN	NaN	0	NaN	NaN	4	1	0
6.00E-04	2543	0	0.011872186	5409	0	0.059060082	144	0	0.00220788	0	NaN	NaN	4	1	0
7.00E-04	3043	0	0.01085613	4934	0	0.043469021	118	0	0.009960891	0	NaN	NaN	5	1	0
8.00E-04	3193	0	0.012815985	4529	0	0.043542227	372	0	0.005482437	0	NaN	NaN	6	1	0
9.00E-04	3491	0	0.012146327	4200	0	0.041767254	402	0	0.011579688	0	NaN	NaN	7	1	0
0.001	3494	0	0.012277068	3955	0	0.038130546	643	0	0.005793975	0	NaN	NaN	8	1	0
0.002	4672	0	0.009377876	1096	0	0.026245793	2318	0	0.010071781	0	NaN	NaN	14	1	0
0.003	3391	0	0.006854107	47	0	0.021868463	4642	0	0.009824501	0	NaN	NaN	20	1	0
0.004	2977	0	0.005503331	0	NaN	NaN	5102	0	0.00906423	0	NaN	NaN	21	1	0
0.005	1316	0	0.004350199	0	NaN	NaN	6759	0	0.007173579	0	NaN	NaN	25	1	0
0.006	1786	0	0.007404507	0	NaN	NaN	6291	0	0.009588032	0	NaN	NaN	23	1	0
0.007	1931	0	0.006212314	0	NaN	NaN	6151	0	0.008275468	0	NaN	NaN	18	1	0
0.008	1803	0	0.004672104	0	NaN	NaN	6278	0	0.009297772	0	NaN	NaN	19	1	0
0.009	1845	0	0.007238996	0	NaN	NaN	6235	0	0.008633362	0	NaN	NaN	20	1	0
0.01	1986	0	0.004832027	0	NaN	NaN	6099	0	0.008575626	0	NaN	NaN	15	1	0
1.00E-04	708	0	0.012894253	7391	0	0.090056362	0	NaN	NaN	0	NaN	NaN	1	1	0
2.00E-04	1135	0	0.009183033	6963	0	0.073950279	0	NaN	NaN	0	NaN	NaN	2	1	0
3.00E-04	1842	0	0.01149996	6255	0	0.069519431	0	NaN	NaN	0	NaN	NaN	3	1	0
4.00E-04	2316	0	0.011628184	5780	0	0.061799332	0	NaN	NaN	0	NaN	NaN	4	1	0
5.00E-04	3021	0	0.011987476	5073	0	0.048297011	2	0	0.029154449	0	NaN	NaN	4	1	0
6.00E-04	3025	0	0.012889436	5071	0	0.048190218	0	NaN	NaN	0	NaN	NaN	4	1	0
7.00E-04	3321	0	0.009649182	4750	0	0.039943828	24	0	0.013685683	0	NaN	NaN	5	1	0
8.00E-04	3304	0	0.010393496	4643	0	0.041677195	147	0	0.002223991	0	NaN	NaN	6	1	0
9.00E-04	3746	0	0.011730967	4067	0	0.037614891	280	0	0.00955056	0	NaN	NaN	7	1	0
0.001	3406	0	0.012746204	3956	0	0.037903842	730	0	0.005731844	0	NaN	NaN	8	1	0
0.002	4688	0	0.008433793	1198	0	0.029279036	2200	0	0.010348849	0	NaN	NaN	14	1	0
0.003	2908	0	0.010968187	106	0	0.035970776	5066	0	0.008752382	0	NaN	NaN	20	1	0
0.004	1887	0	0.004329935	0	NaN	NaN	6189	0	0.009345603	0	NaN	NaN	24	1	0
0.005	1961	0	0.004786014	0	NaN	NaN	6117	0	0.008106241	0	NaN	NaN	22	1	0
0.006	1928	0	0.006364253	0	NaN	NaN	6151	0	0.008988493	0	NaN	NaN	21	1	0
0.007	1511	0	0.004165001	0	NaN	NaN	6568	0	0.007085646	0	NaN	NaN	21	1	0
0.008	1985	0	0.005649467	0	NaN	NaN	6096	0	0.009156558	0	NaN	NaN	19	1	0
0.009	1390	0	0.005322763	0	NaN	NaN	6690	0	0.00871137	0	NaN	NaN	20	1	0
0.01	1989	0	0.003626908	0	NaN	NaN	6095	0	0.006736962	0	NaN	NaN	16	1	0
1.00E-04	708	0	0.012894253	7391	0	0.090056362	0	NaN	NaN	0	NaN	NaN	1	1	0
2.00E-04	1135	0	0.009183033	6963	0	0.073950279	0	NaN	NaN	0	NaN	NaN	2	1	0
3.00E-04	1842	0	0.01149996	6255	0	0.069519431	0	NaN	NaN	0	NaN	NaN	3	1	0
4.00E-04	2316	0	0.011628184	5780	0	0.061799332	0	NaN	NaN	0	NaN	NaN	4	1	0
5.00E-04	2516	0	0.013529211	5327	0	0.058952321	253	0	0.006687282	0	NaN	NaN	4	1	0
6.00E-04	2400	0	0.009558443	5696	0	0.049466695	0	NaN	NaN	0	NaN	NaN	4	1	0
7.00E-04	2894	0	0.01248528	4964	0	0.046849877	237	0	0.006073818	0	NaN	NaN	5	1	0
8.00E-04	3294	0	0.009182643	4648	0	0.038965503	152	0	0.012367664	0	NaN	NaN	6	1	0
9.00E-04	3633	0	0.013304984	3995	0	0.041664962	465	0	0.01034253	0	NaN	NaN	7	1	0
0.001	3334	0	0.012480045	4106	0	0.037240385	652	0	0.00532028	0	NaN	NaN	8	1	0
0.002	4714	0	0.009589298	1053	0	0.029321343	2319	0	0.009150889	0	NaN	NaN	14	1	0
0.003	3175	0	0.010261614	212	0	0.035625156	4693	0	0.009005448	0	NaN	NaN	20	1	0
0.004	2085	0	0.00586813	0	NaN	NaN	5992	0	0.008220563	0	NaN	NaN	23	1	0
0.005	1564	0	0.005595467	0	NaN	NaN	6512	0	0.008257198	0	NaN	NaN	24	1	0
0.006	1288	0	0.003883815	0	NaN	NaN	6789	0	0.007707521	0	NaN	NaN	23	1	0
0.007	1671	0	0.00367673	0	NaN	NaN	6408	0	0.00765872	0	NaN	NaN	21	1	0
0.008	1994	0	0.004981427	0	NaN	NaN	6088	0	0.008733132	0	NaN	NaN	18	1	0
0.009	1571	0	0.004560128	0	NaN	NaN	6511	0	0.007997893	0	NaN	NaN	18	1	0
0.01	2013	0	0.005212882	0	NaN	NaN	6071	0	0.009524764	0	NaN	NaN	16	1	0
