sampleRate	unanimous total	unanimous%	unanimousAvgLoss	defaultApproxTotal	defaultApprox%	defaultApproxAvgLoss	landslideTotal	landslide%	landslideApproxAvgLoss	ambiguousTotal	ambiguous%	ambiguousAvgLoss	noVotesTotal	noVotes%	noVotesAvgLoss	initialSamplesTotal	initialSamples%	initialSamplesAvgLoss
1.0E-4	708	0.1751412429378531	0.012894252510195884	7391	0.0	0.09005636199372512	0	NaN	NaN	0	NaN	NaN	1	1.0	0.0	0	NaN	NaN
2.0E-4	1135	0.307488986784141	0.009183032828118167	6963	0.0	0.073950278851793	0	NaN	NaN	0	NaN	NaN	2	1.0	0.0	0	NaN	NaN
3.0E-4	1842	0.250814332247557	0.011499960411820945	6255	0.0	0.06951943063194412	0	NaN	NaN	0	NaN	NaN	3	1.0	0.0	0	NaN	NaN
4.0E-4	2316	0.22279792746113988	0.011628184208233082	5780	0.0	0.06179933248617758	0	NaN	NaN	0	NaN	NaN	4	1.0	0.0	0	NaN	NaN
5.0E-4	2754	0.25090777051561364	0.010893084993613569	5341	0.0	0.044178469743095056	0	NaN	NaN	0	NaN	NaN	4	1.0	0.0	1	1.0	0.0
6.0E-4	3012	0.24833997343957503	0.011366666552288653	5083	7.869368483179224E-4	0.048948250060505266	0	NaN	NaN	0	NaN	NaN	4	1.0	0.0	1	1.0	0.0
7.0E-4	2999	0.24674891630543513	0.010533259898361623	4994	0.0	0.0476133530257045	101	0.0	0.012384848118227805	0	NaN	NaN	5	1.0	0.0	1	1.0	0.0
8.0E-4	3298	0.25955124317768347	0.010435316985023443	4476	2.2341376228775692E-4	0.04016861502275254	319	0.23197492163009403	0.00934018194977642	0	NaN	NaN	6	1.0	0.0	1	1.0	0.0
9.0E-4	3486	0.20539300057372348	0.012653654854571619	4150	2.4096385542168674E-4	0.04099513660167445	456	0.34649122807017546	0.007860843388824793	0	NaN	NaN	7	1.0	0.0	1	1.0	0.0
0.0010	3605	0.240499306518724	0.011164098344649539	3922	0.014533401325854156	0.03695730503505636	564	0.5336879432624113	0.0044059204327078615	0	NaN	NaN	8	1.0	0.0	1	1.0	0.0
0.0020	4233	0.32482872667139145	0.00963668020543692	1136	0.014084507042253521	0.028750773584657406	2714	0.3271923360353721	0.008281687384595358	0	NaN	NaN	14	1.0	0.0	3	1.0	0.0
0.0030	2655	0.27645951035781546	0.011167618954989725	405	0.0	0.037841962159478194	5015	0.2755732801595214	0.009836749856321318	0	NaN	NaN	20	1.0	0.0	5	1.0	0.0
0.0040	2235	0.41252796420581656	0.005812169360421964	0	NaN	NaN	5836	0.3485263879369431	0.0076235006638266795	0	NaN	NaN	23	1.0	0.0	6	1.0	0.0
0.0050	2307	0.40528825314260947	0.005127649609920422	0	NaN	NaN	5762	0.25807011454356127	0.010119483920519673	0	NaN	NaN	23	1.0	0.0	8	1.0	0.0
0.0060	2100	0.4328571428571429	0.006204928264121418	0	NaN	NaN	5970	0.24874371859296482	0.009725404440052522	0	NaN	NaN	21	1.0	0.0	9	1.0	0.0
0.0070	2054	0.47760467380720545	0.00425200239074095	0	NaN	NaN	6016	0.29039228723404253	0.007970524559946355	0	NaN	NaN	19	1.0	0.0	11	1.0	0.0
0.0080	1607	0.5818294959551961	0.0036396437007482248	0	NaN	NaN	6461	0.2796780684104628	0.00842720917556148	0	NaN	NaN	19	1.0	0.0	13	1.0	0.0
0.0090	1811	0.4826062948647156	0.004214853265584507	0	NaN	NaN	6256	0.2843670076726343	0.008776008858833879	0	NaN	NaN	19	1.0	0.0	14	1.0	0.0
0.01	2116	0.3950850661625709	0.007076464083870278	0	NaN	NaN	5951	0.2896992102167703	0.008910128500873133	0	NaN	NaN	17	1.0	0.0	16	1.0	0.0
1.0E-4	708	0.1751412429378531	0.012894252510195884	7391	0.0	0.09005636199372512	0	NaN	NaN	0	NaN	NaN	1	1.0	0.0	0	NaN	NaN
2.0E-4	1135	0.307488986784141	0.009183032828118167	6963	0.0	0.073950278851793	0	NaN	NaN	0	NaN	NaN	2	1.0	0.0	0	NaN	NaN
3.0E-4	1842	0.250814332247557	0.011499960411820945	6255	0.0	0.06951943063194412	0	NaN	NaN	0	NaN	NaN	3	1.0	0.0	0	NaN	NaN
4.0E-4	2316	0.22279792746113988	0.011628184208233082	5780	0.0	0.06179933248617758	0	NaN	NaN	0	NaN	NaN	4	1.0	0.0	0	NaN	NaN
5.0E-4	2654	0.2844762622456669	0.011125382360667263	5256	0.0136986301369863	0.05656403256252352	185	0.005405405405405406	0.014360716746211154	0	NaN	NaN	4	1.0	0.0	1	1.0	0.0
6.0E-4	2323	0.2371932845458459	0.011975424434905383	5562	0.0	0.060634754778399996	210	0.0	0.011243004244612149	0	NaN	NaN	4	1.0	0.0	1	1.0	0.0
7.0E-4	3042	0.2705456936226167	0.010208720026621801	5044	0.006938937351308485	0.04454400553472267	8	0.25	0.0014144293096501697	0	NaN	NaN	5	1.0	0.0	1	1.0	0.0
8.0E-4	3422	0.25189947399181767	0.01015719364658511	4420	2.2624434389140272E-4	0.03854582281068566	251	0.29880478087649404	0.009637021046606282	0	NaN	NaN	6	1.0	0.0	1	1.0	0.0
9.0E-4	3630	0.1859504132231405	0.01377170982127648	3990	0.007017543859649123	0.04174594282672846	472	0.3093220338983051	0.008268933712979484	0	NaN	NaN	7	1.0	0.0	1	1.0	0.0
0.0010	3285	0.1917808219178082	0.012620666795835424	4073	0.0	0.037686463283376104	733	0.4761255115961801	0.004931183558118213	0	NaN	NaN	8	1.0	0.0	1	1.0	0.0
0.0020	4373	0.2442259318545621	0.012351297470302901	1093	0.011893870082342177	0.027337302249236042	2617	0.22009935040122278	0.01162359870144602	0	NaN	NaN	14	1.0	0.0	3	1.0	0.0
0.0030	3040	0.33848684210526314	0.00795584242359588	18	0.0	0.021387977712176466	5017	0.2959936216862667	0.009178421596744873	0	NaN	NaN	20	1.0	0.0	5	1.0	0.0
0.0040	1558	0.5295250320924262	0.004428449139634308	0	NaN	NaN	6511	0.35509138381201044	0.007288599215473909	0	NaN	NaN	25	1.0	0.0	6	1.0	0.0
0.0050	1993	0.4721525338685399	0.005027163524036428	0	NaN	NaN	6077	0.29257857495474743	0.009338049441766824	0	NaN	NaN	22	1.0	0.0	8	1.0	0.0
0.0060	2578	0.2878200155159038	0.008496332662057618	0	NaN	NaN	5494	0.3103385511467055	0.008752705456946215	0	NaN	NaN	19	1.0	0.0	9	1.0	0.0
0.0070	2114	0.41674550614947964	0.006699096346236887	0	NaN	NaN	5954	0.2547866980181391	0.009252084788933797	0	NaN	NaN	21	1.0	0.0	11	1.0	0.0
0.0080	1661	0.477423239012643	0.004840403571676749	0	NaN	NaN	6404	0.34775140537164273	0.007866371151937408	0	NaN	NaN	22	1.0	0.0	13	1.0	0.0
0.0090	1205	0.5219917012448133	0.004541646417795633	0	NaN	NaN	6861	0.3075353447019385	0.008100738117544585	0	NaN	NaN	20	1.0	0.0	14	1.0	0.0
0.01	1812	0.3195364238410596	0.008199855701990706	0	NaN	NaN	6257	0.2803260348409781	0.008730710160994207	0	NaN	NaN	15	1.0	0.0	16	1.0	0.0
1.0E-4	708	0.1751412429378531	0.012894252510195884	7391	0.0	0.09005636199372512	0	NaN	NaN	0	NaN	NaN	1	1.0	0.0	0	NaN	NaN
2.0E-4	1135	0.307488986784141	0.009183032828118167	6963	0.0	0.073950278851793	0	NaN	NaN	0	NaN	NaN	2	1.0	0.0	0	NaN	NaN
3.0E-4	1842	0.250814332247557	0.011499960411820945	6255	0.0	0.06951943063194412	0	NaN	NaN	0	NaN	NaN	3	1.0	0.0	0	NaN	NaN
4.0E-4	2316	0.22279792746113988	0.011628184208233082	5780	0.0	0.06179933248617758	0	NaN	NaN	0	NaN	NaN	4	1.0	0.0	0	NaN	NaN
5.0E-4	2563	0.24346468981662114	0.01004665149634924	5532	0.0	0.04619655746677286	0	NaN	NaN	0	NaN	NaN	4	1.0	0.0	1	1.0	0.0
6.0E-4	2660	0.20037593984962407	0.010698462355170253	5435	0.0	0.048519474396874436	0	NaN	NaN	0	NaN	NaN	4	1.0	0.0	1	1.0	0.0
7.0E-4	2720	0.2400735294117647	0.010649916324620525	5205	0.005763688760806916	0.04213229902784266	169	0.5976331360946746	0.0018868534509112783	0	NaN	NaN	5	1.0	0.0	1	1.0	0.0
8.0E-4	3598	0.2131739855475264	0.011443751626487152	4326	2.311604253351826E-4	0.0427406039074695	169	0.4378698224852071	0.003013503910538974	0	NaN	NaN	6	1.0	0.0	1	1.0	0.0
9.0E-4	3495	0.25894134477825465	0.01049769685174692	4193	0.0	0.037362552344376264	404	0.1905940594059406	0.011226390907451748	0	NaN	NaN	7	1.0	0.0	1	1.0	0.0
0.0010	4069	0.20275251904644875	0.012757711267056045	3556	2.8121484814398203E-4	0.041542595111882255	466	0.33905579399141633	0.00805199773369633	0	NaN	NaN	8	1.0	0.0	1	1.0	0.0
0.0020	4688	0.2598122866894198	0.010913959592945575	1023	0.01270772238514174	0.026565812087966118	2372	0.29047217537942666	0.008760165920446976	0	NaN	NaN	14	1.0	0.0	3	1.0	0.0
0.0030	2789	0.3538902832556472	0.007633220975720382	12	0.08333333333333333	0.02720214407218706	5274	0.3079256731133864	0.00960688151429243	0	NaN	NaN	20	1.0	0.0	5	1.0	0.0
0.0040	1997	0.48172258387581374	0.005329094024510665	0	NaN	NaN	6073	0.37790219002140624	0.006180126752434694	0	NaN	NaN	24	1.0	0.0	6	1.0	0.0
0.0050	1725	0.4220289855072464	0.004855007390941199	0	NaN	NaN	6345	0.3003940110323089	0.008553350295615112	0	NaN	NaN	22	1.0	0.0	8	1.0	0.0
0.0060	2220	0.42882882882882883	0.0056863879083905765	0	NaN	NaN	5850	0.28341880341880343	0.00970341840777819	0	NaN	NaN	21	1.0	0.0	9	1.0	0.0
0.0070	1865	0.4959785522788204	0.005597158327587305	0	NaN	NaN	6204	0.2901353965183752	0.008426871185507143	0	NaN	NaN	20	1.0	0.0	11	1.0	0.0
0.0080	2090	0.3559808612440191	0.006750139061582884	0	NaN	NaN	5980	0.2946488294314381	0.008868367965694532	0	NaN	NaN	17	1.0	0.0	13	1.0	0.0
0.0090	2153	0.3790060380863911	0.007222951456313788	0	NaN	NaN	5917	0.3501774547912794	0.007410378423444975	0	NaN	NaN	16	1.0	0.0	14	1.0	0.0
0.01	2021	0.5319148936170213	0.003999962922243293	0	NaN	NaN	6046	0.2795236520013232	0.008747072921139352	0	NaN	NaN	17	1.0	0.0	16	1.0	0.0
1.0E-4	708	0.1751412429378531	0.012894252510195884	7391	0.0	0.09005636199372512	0	NaN	NaN	0	NaN	NaN	1	1.0	0.0	0	NaN	NaN
2.0E-4	1135	0.307488986784141	0.009183032828118167	6963	0.0	0.073950278851793	0	NaN	NaN	0	NaN	NaN	2	1.0	0.0	0	NaN	NaN
3.0E-4	1842	0.250814332247557	0.011499960411820945	6255	0.0	0.06951943063194412	0	NaN	NaN	0	NaN	NaN	3	1.0	0.0	0	NaN	NaN
4.0E-4	2316	0.22279792746113988	0.011628184208233082	5780	0.0	0.06179933248617758	0	NaN	NaN	0	NaN	NaN	4	1.0	0.0	0	NaN	NaN
5.0E-4	2960	0.22027027027027027	0.011472323974911856	5103	0.0	0.056527695380348575	32	0.0	0.017405522305995885	0	NaN	NaN	4	1.0	0.0	1	1.0	0.0
6.0E-4	2661	0.1984216459977452	0.011585975596501048	5434	0.0	0.04804558623316968	0	NaN	NaN	0	NaN	NaN	4	1.0	0.0	1	1.0	0.0
7.0E-4	3167	0.2352383959583202	0.011239975775590582	4860	0.0	0.04721771312783521	67	0.0	0.012594342308599227	0	NaN	NaN	5	1.0	0.0	1	1.0	0.0
8.0E-4	3010	0.29601328903654484	0.009077655391289845	4795	0.012095933263816475	0.04150567450942634	288	0.5694444444444444	0.002950499345388256	0	NaN	NaN	6	1.0	0.0	1	1.0	0.0
9.0E-4	3605	0.22801664355062412	0.010979409402483422	4137	2.4172105390379503E-4	0.0382179403901273	350	0.2857142857142857	0.00872240762845451	0	NaN	NaN	7	1.0	0.0	1	1.0	0.0
0.0010	3170	0.21766561514195584	0.013135256230602826	4011	7.479431563201197E-4	0.04189780448698927	910	0.32857142857142857	0.007085103655436876	0	NaN	NaN	8	1.0	0.0	1	1.0	0.0
0.0020	5121	0.2927162663542277	0.010155207884501761	809	0.016069221260815822	0.02366604993457165	2153	0.2954017649790989	0.009122082318510479	0	NaN	NaN	14	1.0	0.0	3	1.0	0.0
0.0030	2732	0.31954612005856514	0.010869223605571103	223	0.0	0.03477144372032333	5120	0.39140625	0.006510636626333499	0	NaN	NaN	20	1.0	0.0	5	1.0	0.0
0.0040	1957	0.46142054164537555	0.004667726371325068	0	NaN	NaN	6114	0.33186130192999674	0.008103678200750204	0	NaN	NaN	23	1.0	0.0	6	1.0	0.0
0.0050	2005	0.37306733167082295	0.0060829712147616975	0	NaN	NaN	6066	0.3249258160237389	0.008069423252399023	0	NaN	NaN	21	1.0	0.0	8	1.0	0.0
0.0060	1812	0.4381898454746137	0.0061873604834814	0	NaN	NaN	6257	0.3452133610356401	0.007536801819392869	0	NaN	NaN	22	1.0	0.0	9	1.0	0.0
0.0070	2340	0.4307692307692308	0.00553162328933907	0	NaN	NaN	5731	0.3009945908218461	0.00853547591377814	0	NaN	NaN	18	1.0	0.0	11	1.0	0.0
0.0080	2095	0.3856801909307876	0.007006172884576616	0	NaN	NaN	5974	0.33495145631067963	0.00881668981810474	0	NaN	NaN	18	1.0	0.0	13	1.0	0.0
0.0090	2046	0.45894428152492667	0.005385989847967251	0	NaN	NaN	6022	0.3243108601793424	0.008127817517108463	0	NaN	NaN	18	1.0	0.0	14	1.0	0.0
0.01	2198	0.545950864422202	0.003685301758407159	0	NaN	NaN	5872	0.29291553133514986	0.00829194576409477	0	NaN	NaN	14	1.0	0.0	16	1.0	0.0
1.0E-4	708	0.1751412429378531	0.012894252510195884	7391	0.0	0.09005636199372512	0	NaN	NaN	0	NaN	NaN	1	1.0	0.0	0	NaN	NaN
2.0E-4	1135	0.307488986784141	0.009183032828118167	6963	0.0	0.073950278851793	0	NaN	NaN	0	NaN	NaN	2	1.0	0.0	0	NaN	NaN
3.0E-4	1842	0.250814332247557	0.011499960411820945	6255	0.0	0.06951943063194412	0	NaN	NaN	0	NaN	NaN	3	1.0	0.0	0	NaN	NaN
4.0E-4	2316	0.22279792746113988	0.011628184208233082	5780	0.0	0.06179933248617758	0	NaN	NaN	0	NaN	NaN	4	1.0	0.0	0	NaN	NaN
5.0E-4	2976	0.22278225806451613	0.012508312437812112	5095	0.0	0.051771841186308516	24	0.0	0.01985846705902478	0	NaN	NaN	4	1.0	0.0	1	1.0	0.0
6.0E-4	2718	0.2851361295069904	0.010686865710536468	5230	0.0028680688336520078	0.05703737286745843	147	0.061224489795918366	0.014027676395827747	0	NaN	NaN	4	1.0	0.0	1	1.0	0.0
7.0E-4	2795	0.2186046511627907	0.01275265060532496	5152	1.9409937888198756E-4	0.045406239232263244	147	0.5034013605442177	0.0022239911188054132	0	NaN	NaN	5	1.0	0.0	1	1.0	0.0
8.0E-4	3330	0.25135135135135134	0.010767987709159049	4460	2.242152466367713E-4	0.043053890062502355	303	0.36303630363036304	0.004032429862420204	0	NaN	NaN	6	1.0	0.0	1	1.0	0.0
9.0E-4	3354	0.19171138938580798	0.012568713854820609	4313	0.0	0.040836799790693684	425	0.4188235294117647	0.0061772483120692955	0	NaN	NaN	7	1.0	0.0	1	1.0	0.0
0.0010	3891	0.21716782318170136	0.012068672841574625	3668	2.726281352235551E-4	0.03957949257176666	532	0.3101503759398496	0.0074843832199183264	0	NaN	NaN	8	1.0	0.0	1	1.0	0.0
0.0020	5436	0.2706033848417954	0.010464220719234743	697	0.0	0.029999588121793676	1950	0.26256410256410256	0.009607481852357486	0	NaN	NaN	14	1.0	0.0	3	1.0	0.0
0.0030	2993	0.3053792181757434	0.008954044167908235	97	0.0	0.02776112291832804	4985	0.25376128385155466	0.010130505144661775	0	NaN	NaN	20	1.0	0.0	5	1.0	0.0
0.0040	1683	0.5228758169934641	0.004472097471691406	0	NaN	NaN	6385	0.31699295223179325	0.007746909087976184	0	NaN	NaN	26	1.0	0.0	6	1.0	0.0
0.0050	1552	0.47164948453608246	0.0070355221027144565	0	NaN	NaN	6517	0.30489489028694183	0.008888791337217107	0	NaN	NaN	23	1.0	0.0	8	1.0	0.0
0.0060	1637	0.4703726328649969	0.0049047969639538416	0	NaN	NaN	6432	0.30674751243781095	0.00859598892173863	0	NaN	NaN	22	1.0	0.0	9	1.0	0.0
0.0070	1483	0.4133513149022252	0.005391710267572344	0	NaN	NaN	6583	0.34786571471973265	0.007450281447098481	0	NaN	NaN	23	1.0	0.0	11	1.0	0.0
0.0080	1656	0.4758454106280193	0.004354913982696354	0	NaN	NaN	6412	0.3201809107922645	0.00835764804137788	0	NaN	NaN	19	1.0	0.0	13	1.0	0.0
0.0090	1590	0.43836477987421385	0.006680036235544579	0	NaN	NaN	6477	0.32468735525706344	0.008296056958192955	0	NaN	NaN	19	1.0	0.0	14	1.0	0.0
0.01	2340	0.3752136752136752	0.006073694202410682	0	NaN	NaN	5729	0.26339675336009777	0.010185205587937503	0	NaN	NaN	15	1.0	0.0	16	1.0	0.0
1.0E-4	708	0.1751412429378531	0.012894252510195884	7391	0.0	0.09005636199372512	0	NaN	NaN	0	NaN	NaN	1	1.0	0.0	0	NaN	NaN
2.0E-4	1135	0.307488986784141	0.009183032828118167	6963	0.0	0.073950278851793	0	NaN	NaN	0	NaN	NaN	2	1.0	0.0	0	NaN	NaN
3.0E-4	1842	0.250814332247557	0.011499960411820945	6255	0.0	0.06951943063194412	0	NaN	NaN	0	NaN	NaN	3	1.0	0.0	0	NaN	NaN
4.0E-4	2316	0.22279792746113988	0.011628184208233082	5780	0.0	0.06179933248617758	0	NaN	NaN	0	NaN	NaN	4	1.0	0.0	0	NaN	NaN
5.0E-4	2717	0.21641516378358483	0.013367601769496348	5226	0.0	0.06516204896034798	152	0.039473684210526314	0.014492254884211546	0	NaN	NaN	4	1.0	0.0	1	1.0	0.0
6.0E-4	2577	0.24718665114474195	0.01071886151645234	5464	0.0	0.055434340775663234	54	0.0	0.014051045601065546	0	NaN	NaN	4	1.0	0.0	1	1.0	0.0
7.0E-4	3029	0.23902277979531197	0.01051170190802975	5065	0.0	0.04447300550508267	0	NaN	NaN	0	NaN	NaN	5	1.0	0.0	1	1.0	0.0
8.0E-4	3234	0.24644403215831787	0.010724199118650319	4701	2.1272069772388852E-4	0.038966914928155696	158	0.46835443037974683	0.004004360856676623	0	NaN	NaN	6	1.0	0.0	1	1.0	0.0
9.0E-4	3893	0.22707423580786026	0.011907708021435323	3993	5.008765339343851E-4	0.039002856065836325	206	0.3592233009708738	0.008166431948144834	0	NaN	NaN	7	1.0	0.0	1	1.0	0.0
0.0010	3456	0.21383101851851852	0.012850880927793965	4032	2.48015873015873E-4	0.04106133547535319	603	0.29519071310116085	0.0065477970758077144	0	NaN	NaN	8	1.0	0.0	1	1.0	0.0
0.0020	4538	0.2743499338915822	0.010726628239224162	1197	0.0	0.03012705690102349	2348	0.29173764906303234	0.008725702161223155	0	NaN	NaN	14	1.0	0.0	3	1.0	0.0
0.0030	2749	0.35940341942524556	0.006638686784303502	35	0.14285714285714285	0.014781012702249017	5291	0.2865242865242865	0.009076505618077086	0	NaN	NaN	20	1.0	0.0	5	1.0	0.0
0.0040	2346	0.37681159420289856	0.006469580759273073	0	NaN	NaN	5724	0.3226764500349406	0.009147626912864195	0	NaN	NaN	24	1.0	0.0	6	1.0	0.0
0.0050	1540	0.41883116883116883	0.006370243447085796	0	NaN	NaN	6527	0.35866401103110157	0.007263563445821027	0	NaN	NaN	25	1.0	0.0	8	1.0	0.0
0.0060	1948	0.34394250513347024	0.006983932201371488	0	NaN	NaN	6120	0.28888888888888886	0.007897126302745562	0	NaN	NaN	23	1.0	0.0	9	1.0	0.0
0.0070	2311	0.44136737343141497	0.005981946357898375	0	NaN	NaN	5761	0.29231036278423883	0.008916810631893214	0	NaN	NaN	17	1.0	0.0	11	1.0	0.0
0.0080	1834	0.5817884405670665	0.0034368570255639674	0	NaN	NaN	6235	0.33135525260625504	0.007159701345801021	0	NaN	NaN	18	1.0	0.0	13	1.0	0.0
0.0090	1215	0.4683127572016461	0.005018781259531046	0	NaN	NaN	6850	0.2694890510948905	0.008334874695064448	0	NaN	NaN	21	1.0	0.0	14	1.0	0.0
0.01	1232	0.48295454545454547	0.004696161230266573	0	NaN	NaN	6831	0.3482652613087396	0.00761891252765608	0	NaN	NaN	21	1.0	0.0	16	1.0	0.0
1.0E-4	708	0.1751412429378531	0.012894252510195884	7391	0.0	0.09005636199372512	0	NaN	NaN	0	NaN	NaN	1	1.0	0.0	0	NaN	NaN
2.0E-4	1135	0.307488986784141	0.009183032828118167	6963	0.0	0.073950278851793	0	NaN	NaN	0	NaN	NaN	2	1.0	0.0	0	NaN	NaN
3.0E-4	1842	0.250814332247557	0.011499960411820945	6255	0.0	0.06951943063194412	0	NaN	NaN	0	NaN	NaN	3	1.0	0.0	0	NaN	NaN
4.0E-4	2316	0.22279792746113988	0.011628184208233082	5780	0.0	0.06179933248617758	0	NaN	NaN	0	NaN	NaN	4	1.0	0.0	0	NaN	NaN
5.0E-4	2493	0.22382671480144403	0.014022790010206473	5337	1.8737118231216038E-4	0.058876414029366414	265	0.4	0.009193196224618611	0	NaN	NaN	4	1.0	0.0	1	1.0	0.0
6.0E-4	2753	0.21794406102433708	0.01147992931716057	5342	0.0	0.04755260676726287	0	NaN	NaN	0	NaN	NaN	4	1.0	0.0	1	1.0	0.0
7.0E-4	3004	0.2809587217043941	0.00960729909920076	5090	0.0037328094302554026	0.03856251404876855	0	NaN	NaN	0	NaN	NaN	5	1.0	0.0	1	1.0	0.0
8.0E-4	3358	0.24121500893388922	0.011833741517801895	4446	4.49842555105713E-4	0.04385257177857009	289	0.46366782006920415	0.0024996204936892676	0	NaN	NaN	6	1.0	0.0	1	1.0	0.0
9.0E-4	3341	0.23436096976953008	0.01190342451583029	4313	2.3185717597959656E-4	0.03856430190286889	438	0.3607305936073059	0.0070011581918756295	0	NaN	NaN	7	1.0	0.0	1	1.0	0.0
0.0010	3815	0.20812581913499345	0.012183939073503694	3838	2.605523710265763E-4	0.037913282502469864	438	0.3607305936073059	0.0070011581918756295	0	NaN	NaN	8	1.0	0.0	1	1.0	0.0
0.0020	4114	0.23626640738940205	0.011111630165641007	1293	0.0	0.03339525466791762	2676	0.26905829596412556	0.009688321475895099	0	NaN	NaN	14	1.0	0.0	3	1.0	0.0
0.0030	2569	0.3250291942390035	0.009542075896524815	191	0.0	0.03607851225002605	5315	0.3365945437441204	0.007769770950953585	0	NaN	NaN	20	1.0	0.0	5	1.0	0.0
0.0040	2372	0.4085160202360877	0.006206245336861296	0	NaN	NaN	5700	0.3410526315789474	0.007930007487475283	0	NaN	NaN	22	1.0	0.0	6	1.0	0.0
0.0050	2006	0.47507477567298106	0.005360740800319064	0	NaN	NaN	6062	0.2596502804354998	0.009004139104575985	0	NaN	NaN	24	1.0	0.0	8	1.0	0.0
0.0060	2211	0.39077340569877883	0.006549225771733551	0	NaN	NaN	5859	0.2944188428059396	0.009073360492503789	0	NaN	NaN	21	1.0	0.0	9	1.0	0.0
0.0070	1888	0.392478813559322	0.006339080391213135	0	NaN	NaN	6182	0.33193141378194757	0.008085859126388373	0	NaN	NaN	19	1.0	0.0	11	1.0	0.0
0.0080	2207	0.37562301767104667	0.00747494069621344	0	NaN	NaN	5862	0.32019788468099625	0.008008672909543092	0	NaN	NaN	18	1.0	0.0	13	1.0	0.0
0.0090	1158	0.6338514680483592	0.0025988292480453082	0	NaN	NaN	6906	0.33883579496090355	0.007405380669942922	0	NaN	NaN	22	1.0	0.0	14	1.0	0.0
0.01	1589	0.42039018250471993	0.005566396390322273	0	NaN	NaN	6476	0.2935453983940704	0.008433386304760713	0	NaN	NaN	19	1.0	0.0	16	1.0	0.0
1.0E-4	708	0.1751412429378531	0.012894252510195884	7391	0.0	0.09005636199372512	0	NaN	NaN	0	NaN	NaN	1	1.0	0.0	0	NaN	NaN
2.0E-4	1135	0.307488986784141	0.009183032828118167	6963	0.0	0.073950278851793	0	NaN	NaN	0	NaN	NaN	2	1.0	0.0	0	NaN	NaN
3.0E-4	1842	0.250814332247557	0.011499960411820945	6255	0.0	0.06951943063194412	0	NaN	NaN	0	NaN	NaN	3	1.0	0.0	0	NaN	NaN
4.0E-4	2316	0.22279792746113988	0.011628184208233082	5780	0.0	0.06179933248617758	0	NaN	NaN	0	NaN	NaN	4	1.0	0.0	0	NaN	NaN
5.0E-4	2772	0.2222222222222222	0.011845905412899024	5323	0.0	0.05438500398523931	0	NaN	NaN	0	NaN	NaN	4	1.0	0.0	1	1.0	0.0
6.0E-4	3024	0.18981481481481483	0.012937046244855364	5071	0.0	0.048133376159909355	0	NaN	NaN	0	NaN	NaN	4	1.0	0.0	1	1.0	0.0
7.0E-4	3124	0.20166453265044815	0.012182413453362727	4848	0.0	0.048285530160640446	122	0.0	0.011347749206202915	0	NaN	NaN	5	1.0	0.0	1	1.0	0.0
8.0E-4	3092	0.2988357050452781	0.010010601417431687	4602	0.020425901781833986	0.037869836578567795	399	0.19548872180451127	0.009677244803751069	0	NaN	NaN	6	1.0	0.0	1	1.0	0.0
9.0E-4	3641	0.22795935182642132	0.01084682579068884	4119	2.4277737314882253E-4	0.03788063380558709	332	0.27710843373493976	0.007878170766620922	0	NaN	NaN	7	1.0	0.0	1	1.0	0.0
0.0010	3659	0.23476359661109591	0.012677969203908299	3761	5.317734645041213E-4	0.03547753132477606	671	0.3025335320417288	0.008275702835834049	0	NaN	NaN	8	1.0	0.0	1	1.0	0.0
0.0020	4624	0.3153114186851211	0.009838257741869237	998	0.008016032064128256	0.026775775139202387	2461	0.2779357984559122	0.010091434555539527	0	NaN	NaN	14	1.0	0.0	3	1.0	0.0
0.0030	3109	0.313927307816018	0.007215032531593044	15	0.0	0.02961923961666408	4951	0.30397899414259744	0.008715331589803334	0	NaN	NaN	20	1.0	0.0	5	1.0	0.0
0.0040	2797	0.4751519485162674	0.005146981479487993	0	NaN	NaN	5275	0.329478672985782	0.008608503594696254	0	NaN	NaN	22	1.0	0.0	6	1.0	0.0
0.0050	1748	0.4988558352402746	0.004294973385745825	0	NaN	NaN	6322	0.2913634925656438	0.008280159388041249	0	NaN	NaN	22	1.0	0.0	8	1.0	0.0
0.0060	2192	0.5223540145985401	0.004164780939850625	0	NaN	NaN	5878	0.30503572643756377	0.008162452076936425	0	NaN	NaN	21	1.0	0.0	9	1.0	0.0
0.0070	1750	0.6222857142857143	0.0031257199806332646	0	NaN	NaN	6320	0.3189873417721519	0.007581439811406082	0	NaN	NaN	19	1.0	0.0	11	1.0	0.0
0.0080	1779	0.41259134345137716	0.0065237503962869686	0	NaN	NaN	6290	0.3410174880763116	0.007691059332998331	0	NaN	NaN	18	1.0	0.0	13	1.0	0.0
0.0090	1258	0.3998410174880763	0.006188066564661717	0	NaN	NaN	6808	0.3470916568742656	0.007236036738390595	0	NaN	NaN	20	1.0	0.0	14	1.0	0.0
0.01	1920	0.37447916666666664	0.005983691040796221	0	NaN	NaN	6147	0.21717911176183505	0.010320685449135274	0	NaN	NaN	17	1.0	0.0	16	1.0	0.0
1.0E-4	708	0.1751412429378531	0.012894252510195884	7391	0.0	0.09005636199372512	0	NaN	NaN	0	NaN	NaN	1	1.0	0.0	0	NaN	NaN
2.0E-4	1135	0.307488986784141	0.009183032828118167	6963	0.0	0.073950278851793	0	NaN	NaN	0	NaN	NaN	2	1.0	0.0	0	NaN	NaN
3.0E-4	1842	0.250814332247557	0.011499960411820945	6255	0.0	0.06951943063194412	0	NaN	NaN	0	NaN	NaN	3	1.0	0.0	0	NaN	NaN
4.0E-4	2316	0.22279792746113988	0.011628184208233082	5780	0.0	0.06179933248617758	0	NaN	NaN	0	NaN	NaN	4	1.0	0.0	0	NaN	NaN
5.0E-4	3024	0.2328042328042328	0.0119996824974783	5071	0.004535594557286532	0.04687242686017505	0	NaN	NaN	0	NaN	NaN	4	1.0	0.0	1	1.0	0.0
6.0E-4	2924	0.19630642954856362	0.01350831608155562	5121	0.0	0.059804181476402554	50	0.0	0.014975123654254392	0	NaN	NaN	4	1.0	0.0	1	1.0	0.0
7.0E-4	2961	0.21242823370482944	0.012162077463635101	4963	0.0	0.047637061971187125	170	0.17058823529411765	0.008700906626507934	0	NaN	NaN	5	1.0	0.0	1	1.0	0.0
8.0E-4	3256	0.2665847665847666	0.010403936480621519	4497	2.2237046920169E-4	0.038203741493685384	340	0.35294117647058826	0.00614548445829661	0	NaN	NaN	6	1.0	0.0	1	1.0	0.0
9.0E-4	3682	0.23601303639326454	0.011880241817845886	4100	2.4390243902439024E-4	0.03942914688488684	310	0.25806451612903225	0.009146812121790516	0	NaN	NaN	7	1.0	0.0	1	1.0	0.0
0.0010	3903	0.24391493722777352	0.011805953146771322	3639	0.015114042319318495	0.03578171050576982	549	0.2877959927140255	0.01024951446554864	0	NaN	NaN	8	1.0	0.0	1	1.0	0.0
0.0020	4414	0.2247394653375623	0.01112161392521831	1002	0.012974051896207584	0.02734327127379695	2667	0.2118485189351331	0.012504526899108442	0	NaN	NaN	14	1.0	0.0	3	1.0	0.0
0.0030	3078	0.29759584145549056	0.010110503639086527	143	0.0	0.038675015934141015	4854	0.3195302843016069	0.008350998066157765	0	NaN	NaN	20	1.0	0.0	5	1.0	0.0
0.0040	1694	0.4380165289256198	0.006168530606008554	0	NaN	NaN	6375	0.28721568627450983	0.009012819712105264	0	NaN	NaN	25	1.0	0.0	6	1.0	0.0
0.0050	1415	0.5441696113074205	0.0041900720889328225	0	NaN	NaN	6652	0.33072760072158747	0.007383974890840925	0	NaN	NaN	25	1.0	0.0	8	1.0	0.0
0.0060	2325	0.4047311827956989	0.005006581810475361	0	NaN	NaN	5745	0.2485639686684073	0.009838104576320743	0	NaN	NaN	21	1.0	0.0	9	1.0	0.0
0.0070	2071	0.5253500724287784	0.004595235410073621	0	NaN	NaN	5999	0.30138356392732124	0.008333841617138574	0	NaN	NaN	19	1.0	0.0	11	1.0	0.0
0.0080	1991	0.4927172275238574	0.004762560586174471	0	NaN	NaN	6078	0.2704837117472853	0.0090004831440374	0	NaN	NaN	18	1.0	0.0	13	1.0	0.0
0.0090	1948	0.5462012320328542	0.004629561538223982	0	NaN	NaN	6120	0.32630718954248367	0.008480453102223867	0	NaN	NaN	18	1.0	0.0	14	1.0	0.0
0.01	1715	0.5166180758017492	0.0043091139675272136	0	NaN	NaN	6350	0.2803149606299213	0.00905244825288868	0	NaN	NaN	19	1.0	0.0	16	1.0	0.0
1.0E-4	708	0.1751412429378531	0.012894252510195884	7391	0.0	0.09005636199372512	0	NaN	NaN	0	NaN	NaN	1	1.0	0.0	0	NaN	NaN
2.0E-4	1135	0.307488986784141	0.009183032828118167	6963	0.0	0.073950278851793	0	NaN	NaN	0	NaN	NaN	2	1.0	0.0	0	NaN	NaN
3.0E-4	1842	0.250814332247557	0.011499960411820945	6255	0.0	0.06951943063194412	0	NaN	NaN	0	NaN	NaN	3	1.0	0.0	0	NaN	NaN
4.0E-4	2316	0.22279792746113988	0.011628184208233082	5780	0.0	0.06179933248617758	0	NaN	NaN	0	NaN	NaN	4	1.0	0.0	0	NaN	NaN
5.0E-4	2580	0.21395348837209302	0.01334806579314654	5293	0.0	0.05911108535201543	222	0.5135135135135135	0.004600458616691345	0	NaN	NaN	4	1.0	0.0	1	1.0	0.0
6.0E-4	2880	0.22604166666666667	0.012339117763754778	5143	0.0	0.05828517912384328	72	0.25	0.009166553286949443	0	NaN	NaN	4	1.0	0.0	1	1.0	0.0
7.0E-4	2846	0.31482782853127195	0.009117210568707483	5057	0.005734625271900337	0.045116234669776815	191	0.46596858638743455	0.002318305756472316	0	NaN	NaN	5	1.0	0.0	1	1.0	0.0
8.0E-4	3225	0.28031007751937986	0.010203457133006008	4624	0.001513840830449827	0.040714837168011955	244	0.4180327868852459	0.003392541490360179	0	NaN	NaN	6	1.0	0.0	1	1.0	0.0
9.0E-4	3633	0.23341590971648776	0.010441430842775332	4123	2.4254183846713557E-4	0.03556045464755489	336	0.22023809523809523	0.010595588498016482	0	NaN	NaN	7	1.0	0.0	1	1.0	0.0
0.0010	3689	0.2008674437516942	0.013066402156524057	3746	2.6695141484249865E-4	0.03733520545894324	656	0.2576219512195122	0.008742985076617934	0	NaN	NaN	8	1.0	0.0	1	1.0	0.0
0.0020	4341	0.27689472471780696	0.010717756653556123	1295	0.003861003861003861	0.028716500387458214	2447	0.2876992235390274	0.009768786613173519	0	NaN	NaN	14	1.0	0.0	3	1.0	0.0
0.0030	2798	0.26590421729807007	0.00965774773100369	117	0.0	0.029231538948041126	5160	0.30523255813953487	0.008759079446499424	0	NaN	NaN	20	1.0	0.0	5	1.0	0.0
0.0040	1942	0.55870236869207	0.004036642434521926	0	NaN	NaN	6128	0.3441579634464752	0.006679133757175338	0	NaN	NaN	24	1.0	0.0	6	1.0	0.0
0.0050	1741	0.4623779437105112	0.005258932979276541	0	NaN	NaN	6328	0.31874209860935526	0.007809426780733127	0	NaN	NaN	23	1.0	0.0	8	1.0	0.0
0.0060	1878	0.4323748668796592	0.005378648032128649	0	NaN	NaN	6191	0.3303182038442901	0.008250478605284002	0	NaN	NaN	22	1.0	0.0	9	1.0	0.0
0.0070	1858	0.5096878363832078	0.003919494575348649	0	NaN	NaN	6210	0.2613526570048309	0.009196854722304791	0	NaN	NaN	21	1.0	0.0	11	1.0	0.0
0.0080	1720	0.43546511627906975	0.00603248419243723	0	NaN	NaN	6350	0.3188976377952756	0.007879195488639494	0	NaN	NaN	17	1.0	0.0	13	1.0	0.0
0.0090	1668	0.37949640287769787	0.005745574765586139	0	NaN	NaN	6399	0.3125488357555868	0.007825656800207022	0	NaN	NaN	19	1.0	0.0	14	1.0	0.0
0.01	1993	0.44154540893125943	0.00552379714983077	0	NaN	NaN	6077	0.2948823432614777	0.009524770148225904	0	NaN	NaN	14	1.0	0.0	16	1.0	0.0
